0 10.3826 22.2477 -0.0712646
0 10.5375 13.4691 -0.110505
0 -9.87271 13.3409 0.382324
0 3.84604 13.4869 -0.1304
0 -0.49667 10.797 -0.70771
0 -2.89163 13.4204 -0.966865
0 17.0096 -8.66706 -0.571583
0 3.54977 22.1017 -0.319086
0 -3.09999 22.0376 -0.66993
0 12.4373 11.0718 -0.294554
0 29.8384 5.11292 -0.0159745
0 9.29406 31.5779 -0.750482
0 16.2921 31.9419 -0.593605
0 26.0637 34.134 -0.241498
0 5.43209 24.5558 -0.61206
0 16.1611 40.8105 -0.929533
0 15.7404 36.448 -0.601466
0 16.1053 49.9546 -1.29167
0 29.5275 39.0838 -0.00113393
0 -3.96772 43.124 -1.82477
-1 -3.99713 43.176 -0.650813
-1 16.0485 49.99 -0.103396
-1 16.2884 32.0476 0.193643
-1 15.7426 36.4925 0.043936
-1 9.20063 31.6689 0.19188
-1 26.0419 34.2195 0.266495
-1 29.6446 39.0956 -0.412656
-1 16.0727 40.8993 0.125838
-1 -4.84436 17.727 -0.42235
-1 -3.14479 22.0347 -0.402296
-1 10.3271 22.392 0.753247
-1 23.4926 44.3726 0.36212
-1 3.39206 22.2814 0.472035
-1 5.34831 24.7713 0.477562
-1 -12.9652 43.0613 -0.306507
-1 15.8872 59.3104 0.599801
-1 -8.99236 62.2341 0.109142
-1 -8.96534 52.9747 -0.0689474
-1 -9.02532 71.8563 0.112182
-1 16.4936 72.4307 0.638593
-1 -4.88811 80.4182 0.106103
-1 15.3516 82.8709 1.01894
-1 -13.6769 80.2657 0.0392886
-1 10.9777 95.037 0.449093
-1 -9.1068 80.4879 0.263974
-1 -27.2446 80.1717 -0.139213
-1 -27.5017 92.1915 -0.0517309
-1 -28.6881 97.1796 -0.297233
-1 -32.2408 75.1368 -0.231419
-1 -19.2533 99.9175 -1.05672
-1 -32.3734 67.1529 -0.0373422
-1 -32.0852 48.9431 -0.338786
-1 -25.2314 43.0557 -0.389635
-1 -32.2088 57.9534 0.00737792
-1 -9.90506 13.365 -0.459395
-1 3.93688 13.585 0.179481
-1 10.4253 13.4212 0.12913
-1 17.019 -8.49133 0.168385
-1 15.7049 -10.0626 0.367304
-1 12.3699 10.9003 0.268824
-2 9.86243 40.9022 1.09271
-2 5.06076 31.7235 0.945808
-2 10.6458 33.3834 2.91916
-2 8.37944 43.8161 1.03765
-2 -3.28641 46.213 1.0008
-2 8.37242 47.6574 1.09144
-2 -3.53091 49.1798 1.02434
-2 9.06503 51.9795 1.15577
-2 8.86731 54.2124 1.1735
-2 -4.11859 54.0557 1.15099
-2 -3.82374 59.2698 0.994949
-2 8.86505 61.1936 1.13656
-2 -3.72869 64.3226 1.21482
-2 8.49299 57.1243 1.26256
-2 8.1796 64.6159 1.09256
-2 8.73936 67.0795 1.16672
-2 8.46502 72.3997 1.25637
-2 8.77174 69.9174 1.35706
-2 -4.22829 67.2017 1.14088
-2 8.67876 74.9791 1.36523
-2 8.72092 77.6579 1.31918
-2 -4.0757 71.8372 1.06683
-2 -4.18931 77.8269 1.09493
-2 8.41406 80.2394 1.27611
-2 -3.63755 75.1501 1.03655
-2 8.40278 82.3361 1.38675
-2 7.76857 84.9075 1.17696
-2 -9.24394 91.4722 1.39602
-2 -20.2553 91.2591 1.64995
-2 -17.586 90.8021 1.59039
-2 -26.5972 74.9694 1.44057
-2 -13.1658 77.5455 1.36062
-2 -26.5087 72.3197 1.53691
-2 -14.4349 66.7954 1.32955
-2 -26.7864 66.7558 1.37375
-2 -14.5181 69.7063 1.39352
-2 -27.1918 61.9859 1.16561
-2 -13.8148 64.2637 1.39575
-2 -13.9402 62.0095 1.27291
-2 -27.2029 64.3553 1.1481
-2 -14.3322 59.8252 1.30417
-2 -26.6348 59.2418 1.32514
-2 -14.0509 54.1704 0.93681
-2 -13.6937 51.7532 0.859963
-2 -26.7267 56.2285 1.02746
-2 -26.108 51.5947 0.875884
-2 -12.8909 46.4309 1.05732
-2 -26.6891 48.7804 1.05542
-2 -26.5464 46.2843 0.873927
-2 2.30074 32.2631 0.88881
-2 24.3808 9.10791 1.8243
