1 4.87694 -3.50548 0.00581943
1 6.52997 -1.44357 -0.0146996
2 5.69076 -2.22827 -0.0969788
1 2.95647 -2.94865 -0.0257299
3 4.12508 -1.94785 0.272436
1 3.31044 -0.869268 -0.0148898
3 -2.195 -5.58573 1.55165
1 -3.6781 -1.15421 -0.104992
1 -1.85847 -2.91896 -0.0407093
1 -1.18035 0.713851 -0.0308894
3 -6.29677 -5.32715 1.19462
1 -4.20375 -3.9642 -0.0935602
1 2.2139 -9.49344 -0.0121432
1 3.17959 -8.02131 0.0205073
1 12.303 -16.1166 0.00626077
3 7.64674 -18.0727 1.14465
3 10.7894 -19.0394 1.22846
1 12.9825 -27.0931 0.154325
1 11.3148 -24.0579 0.073585
1 4.86721 -23.8552 0.244067
1 16.2788 -21.5127 0.21982
1 15.5252 -5.34611 0.0199957
1 8.43794 -4.85963 0.0423192
1 4.86404 -0.386962 -0.0491706
1 0.48252 1.28017 -0.0118155
3 -1.39512 -4.43837 1.24793
1 3.36659 -5.97624 0.0912229
3 -4.56683 -3.71748 1.09683
1 -8.05273 -1.05183 -0.090258
