0 4.3224 6.93508 -2.00853
0 7.70307 16.1049 -2.91994
0 -5.86304 6.87743 -1.44565
0 -7.57939 8.73975 -1.71387
0 -4.08541 7.04283 -1.49286
0 2.64052 -18.3291 -1.81056
0 -4.89556 3.66955 -1.0172
0 -2.04457 12.656 -1.91125
0 14.2764 -3.92444 -2.25396
0 -1.92546 12.8657 -2.37128
0 -8.43191 0.659992 -1.3081
0 -5.48116 1.01597 -0.657514
0 14.9924 9.69359 -2.43381
0 -11.4187 11.7421 -1.46729
0 20.2435 5.94794 -1.89091
0 -0.679332 15.6497 -2.23174
0 5.95608 -1.37271 -1.80402
0 4.18654 -9.77963 -2.63104
0 1.2846 -12.8534 -2.17049
0 -3.84901 9.20927 -2.22532
0 9.94609 6.47653 -1.52309
0 -4.40908 -3.97823 -1.6274
0 -11.0741 -1.5063 -0.341965
0 -0.586355 3.8031 -1.88562
0 -17.009 2.46435 -2.73749
0 -1.03303 4.39435 -1.21273
0 -3.19773 1.21576 -1.77167
0 4.89851 -15.777 -2.415
0 -13.8615 -1.04589 -1.40793
0 -4.89833 -14.1908 -2.55463
0 6.10036 -21.4126 -0.615444
0 -5.47706 13.5191 -2.38607
0 8.97438 18.1288 -2.86951
0 -16.861 -7.5342 -1.22211
0 -10.4584 5.35511 -2.15244
0 -15.495 -3.13788 -2.90668
0 12.3603 -0.602058 -1.77505
0 4.12562 -4.55468 -1.77682
0 6.51553 -7.0399 -1.68554
0 -7.5498 -8.37701 -2.01291
0 -12.7756 8.70247 -1.21641
0 -12.3039 -9.61651 -1.99122
0 9.1501 16.1092 -2.57712
0 -14.0188 5.89993 -3.87658
0 13.5581 -0.23297 -1.95188
0 -17.6876 -3.36884 -2.17113
0 0.205119 12.8321 -3.08207
0 18.4877 -3.78936 -2.47694
0 13.0295 -10.306 -3.02177
0 20.2892 5.39804 -4.45606
0 -17.7091 3.6033 -3.00079
0 -12.0842 4.02158 -3.37848
0 20.2504 5.19375 -4.08816
0 -0.134533 17.0859 -3.81248
0 20.76 6.20998 -3.6457
0 -5.46975 -10.6667 -2.45659
0 20.8573 6.54274 -3.2923
0 18.5905 -9.45404 -2.78295
0 22.0601 -7.09961 -2.41546
0 24.7677 1.7446 -3.01406
0 27.6984 -0.673072 -2.27204
0 34.9635 3.73785 -3.01545
0 25.3953 14.2482 -2.90217
0 27.7495 1.17202 -2.38131
0 29.692 7.13439 -2.82397
0 15.0522 -15.4541 -3.04259
0 35.0304 4.19005 -2.96917
0 25.477 -11.7193 -2.3796
0 30.4058 -5.19418 -2.51028
0 26.8258 -7.20302 -1.73725
0 35.2162 4.41257 -0.919771
0 37.229 -5.99591 -1.55476
0 28.4909 15.4076 -2.76944
0 36.9935 -5.52384 -0.976124
0 35.0992 4.42717 -1.98485
0 27.8299 8.23734 -2.09236
0 32.1029 -6.56554 -2.20136
0 -4.7925 -14.0237 -3.48223
0 32.6686 2.85929 -0.9336
0 33.5094 12.6751 -1.94617
0 25.3967 -5.36036 -2.40951
0 18.2874 12.366 -2.4955
0 27.385 -11.3258 -2.2055
0 -3.19633 1.0917 -2.37035
0 37.1443 -5.246 -1.94057
0 37.3474 -10.522 -1.57388
0 26.0808 -14.4411 -1.95796
0 37.4876 -0.930301 -1.42417
0 3.81966 -9.21285 -1.28852
0 39.148 -10.9288 -1.30597
0 27.6937 -17.9976 -2.10728
0 43.3565 -13.9193 -1.07372
0 36.6249 -15.5936 -1.65461
0 4.66595 -10.2878 -1.04081
0 42.7978 -9.17852 -1.13721
0 43.0507 -13.9034 -2.22768
0 42.2569 5.69473 -0.89834
0 43.7266 -1.40394 -1.09066
0 56.3369 -3.27703 -1.07307
0 46.0574 -10.9649 -1.10689
0 40.0548 10.1435 -0.195131
0 50.8984 5.66347 -0.854755
0 44.0348 -18.1433 -1.2052
0 52.4922 0.496962 -0.522988
0 48.795 -5.89848 -0.810845
0 46.8762 -7.55495 -0.758112
0 47.9984 -9.66359 -0.960213
0 51.2436 10.0202 -0.41465
0 56.2002 -9.17125 -1.15825
0 54.3519 5.90501 -0.222742
0 53.6014 -0.11681 -0.288985
0 46.8418 -0.823311 -0.331735
0 48.9965 -2.58533 -0.241973
0 49.5259 -9.51536 -0.701327
0 54.77 -18.8349 -1.40185
0 54.3471 -18.5825 -1.31874
0 58.6176 2.96735 -0.768974
0 59.2283 2.23449 -0.493472
0 58.7106 -13.0613 -1.24439
0 48.0548 -19.0536 -1.20432
0 61.75 -6.57168 -1.19415
0 62.7113 -0.472448 -0.885915
0 53.342 8.14333 -0.69379
0 57.2483 -15.1386 -1.46247
0 61.9472 -17.5675 -1.69462
0 64.3235 -13.3169 -1.93411
0 61.5377 -18.8542 -1.54309
0 49.2045 -15.8351 -1.20482
0 59.8239 11.4249 -0.551882
0 54.5571 12.8937 -0.288184
0 48.5849 15.9042 -0.765408
0 69.9699 -7.68978 -0.474643
0 70.57 -3.85267 -1.33104
0 71.1798 -4.92763 -1.49268
0 65.6688 -9.10975 -1.7988
0 71.7969 -18.7107 0.108176
0 56.7155 -19.0958 -1.40501
0 71.5533 -18.6193 -1.88213
0 60.5348 -24.6216 -2.13238
0 70.5079 -9.58148 -0.883238
0 65.8154 1.54135 -0.771171
0 65.638 7.89509 -0.502104
0 78.3337 -14.52 -0.81399
0 41.7466 5.51046 -1.26113
0 73.9082 -8.74943 -1.20056
0 63.3888 -18.7593 -1.76568
0 77.8017 -6.16432 -0.836209
0 76.7202 -2.51484 -0.567572
0 78.0921 -14.4598 -1.16877
0 75.3203 -25.7408 -0.639999
0 79.1069 -7.36507 -0.690509
0 78.5278 -8.85294 -0.574724
0 43.8341 -1.41279 -1.10848
0 78.9907 -4.68429 -0.352953
0 79.5949 -16.8894 -0.902128
0 81.7918 -20.9387 -1.73129
0 46.0051 -10.9196 -0.90958
0 81.6828 -20.1021 -0.992243
0 71.1244 -27.8981 -1.63151
0 77.099 -23.1063 -0.647665
0 73.8237 -31.8608 -1.13442
0 81.2474 -24.6547 -1.42509
0 80.5173 -27.3672 -1.09515
0 89.1911 -16.6768 -0.666057
0 49.8141 -9.44807 -0.606618
0 83.4349 -8.78645 -0.289808
0 89.6413 -16.6204 -0.286142
0 78.997 -32.3184 -1.17875
0 89.5665 -16.5928 -0.296669
0 91.0664 -24.1627 -0.210632
0 85.0665 -5.36454 -0.582664
0 79.5727 -32.2365 -1.01242
0 58.8264 2.62966 -0.623375
0 71.2837 -32.102 -1.00218
0 93.4995 -23.9927 0.108925
0 90.9677 -23.9755 -0.626609
0 89.2376 -27.9315 -1.14138
0 85.5352 -31.8873 -0.901472
0 88.1759 -2.44783 0.00267792
0 90.095 -12.6956 -0.291967
0 89.1647 -30.8108 -0.361261
0 61.7763 -6.54937 -1.15025
0 94.2706 -40.3016 -0.501956
0 71.5634 -31.7767 -0.656845
0 94.0762 -38.8671 -0.470321
0 94.3091 -40.6459 -0.532459
0 94.1224 -38.9242 -0.671802
0 89.9531 -12.6474 -0.0796498
0 77.6151 -39.6681 -0.89149
0 98.4422 -28.4617 -0.229131
0 94.0385 -38.9162 -0.079037
0 94.189 -40.8979 -0.981196
0 96.1818 -33.0301 -0.756215
0 89.7913 -12.8796 0.0828272
0 100.533 -33.266 -0.441845
0 73.8835 -31.986 -0.726175
0 91.851 -44.7981 0.0357411
0 77.6318 -39.6523 -0.660042
0 77.1627 -23.1029 -0.370351
0 81.3166 -24.7967 -0.335384
0 105.162 -47.3982 0.853935
0 80.5998 -27.6015 -0.529149
0 98.4538 -46.71 0.802146
0 81.9952 -21.3189 -0.303742
0 81.8441 -20.706 -0.378381
0 73.8545 -32.0205 -0.567166
0 77.3281 -23.0219 -0.533131
0 98.4473 -28.4877 -0.980592
0 108.072 -42.3451 0.532343
0 119.173 -50.7692 0.711211
0 79.3804 -32.4932 0.927456
0 108.457 -42.6252 0.826232
0 96.203 -33.0339 1.83951
0 116.349 -36.6146 0.366673
0 118.683 -39.7119 0.972569
0 120.519 -36.3914 1.1476
0 119.621 -51.5341 0.925531
0 79.3549 -32.3315 0.739837
0 89.2974 -28.1863 -0.060975
0 125.161 -40.1676 1.87281
0 119.221 -43.594 1.07828
0 125.475 -47.0451 0.406032
0 120.082 -44.3428 0.545539
0 130.329 -44.7814 1.18753
0 131.209 -43.8968 0.986188
0 131.385 -43.9534 1.38461
0 130.281 -38.5051 1.06785
0 131.206 -43.9302 0.606657
0 132.492 -52.8401 1.36364
0 130.212 -44.7322 0.93162
0 132.361 -52.6293 -0.100052
0 128.028 -50.3866 0.774278
0 132.474 -52.5694 1.18454
0 129.865 -59.1946 0.726739
0 142.376 -39.2422 1.64889
0 138.038 -44.1279 1.90818
0 142.498 -39.182 1.16909
0 144.282 -45.7779 1.72585
0 138.46 -59.3676 0.890372
0 138.708 -59.3501 1.74693
0 141.325 -44.2332 1.6405
0 129.702 -59.7146 0.774435
0 139.816 -58.876 1.42653
0 138.305 -59.4933 1.94689
0 144.323 -45.4485 1.15852
0 143.157 -41.9281 1.77746
0 128.059 -65.036 1.18647
0 139.843 -58.6778 0.86142
0 138.766 -59.3419 0.753444
0 140.244 -61.833 1.52626
0 145.519 -56.2724 1.34863
0 137.782 -65.5988 1.52056
0 140.301 -61.7547 1.5147
0 130.788 -62.2539 1.96577
0 127.506 -65.8403 0.938641
0 128.08 -50.5297 0.797041
0 128.458 -67.6451 1.93932
0 127.393 -67.9325 1.40912
0 135.573 -71.7432 1.09631
0 138.025 -74.0953 1.91649
0 135.622 -71.3248 1.05163
0 128.291 -77.7909 1.71048
0 124.106 -74.7542 0.183105
0 131.705 -74.6492 1.57381
0 122.521 -69.0026 0.667729
0 129.308 -77.6391 0.854874
0 124.29 -74.6682 1.48689
0 115.33 -77.0614 1.21943
0 129.859 -59.8261 2.0989
0 115.41 -76.6787 0.570344
0 120.074 -83.3288 1.2376
0 116.545 -86.8547 4.53937
0 115.151 -77.6891 0.906153
0 124.451 -87.126 1.05713
0 116.712 -86.777 0.941677
0 108.617 -83.7182 0.530219
0 112.988 -83.3888 2.06212
0 115.779 -86.1225 0.699212
0 117.469 -87.0947 1.76883
0 105.372 -89.1989 0.713869
0 104.047 -70.773 1.27804
0 100.02 -88.3437 1.61838
0 105.319 -89.2525 1.15967
0 100.036 -80.9755 1.31454
0 99.5911 -85.3858 1.64924
0 99.7132 -85.3039 0.867709
0 93.5122 -73.9148 1.18942
0 99.6445 -85.3852 0.989452
0 100.1 -88.4699 1.65015
0 102.509 -63.1221 1.15476
0 96.697 -64.9203 0.804941
0 96.1681 -87.5112 1.73778
0 87.535 -72.8412 0.94343
0 87.4411 -72.632 1.07649
0 87.4472 -73.1251 1.22187
0 92.0505 -63.5946 0.645953
0 84.2632 -66.8779 0.768497
0 77.3327 -71.8316 1.30906
0 78.8576 -78.5261 0.852265
0 82.2916 -64.0802 0.349745
0 78.7192 -78.49 0.326174
0 80.0204 -67.6626 0.469362
0 78.0564 -79.6736 0.868405
0 77.5792 -80.0534 1.04408
0 83.4149 -89.6256 0.830649
0 76.8975 -70.4647 0.808318
0 80.1104 -67.8375 0.804308
0 98.3334 -77.1523 1.59964
0 78.7609 -78.4892 1.75159
0 77.5762 -71.9466 0.785008
0 77.5531 -71.9933 0.851816
0 76.3001 -66.6556 0.844905
0 72.9241 -66.6925 0.599803
0 74.4072 -83.6913 1.2996
0 67.3401 -75.4808 1.35979
0 72.7113 -66.5691 0.735086
0 77.7795 -60.8946 0.54318
0 90.2017 -77.3003 1.32177
0 76.041 -63.5909 0.608754
0 76.2289 -63.5715 0.395654
0 77.766 -60.9923 1.9702
0 72.4851 -71.9834 0.93943
0 67.3927 -75.5431 1.06634
0 71.1673 -83.0902 0.840074
0 72.2908 -61.7132 0.502213
0 66.7267 -65.56 0.526126
0 64.8091 -62.1006 0.309926
0 59.5036 -65.073 0.416314
0 65.7944 -55.3152 -0.217348
0 65.1794 -50.3526 0.638909
0 66.8126 -51.8264 0.153012
0 79.263 -54.6985 -0.145425
0 75.847 -48.6073 -0.123577
0 80.0108 -48.22 0.293441
0 80.5153 -27.6006 -0.379291
0 89.6561 -16.7298 0.436327
0 90.2481 -12.3993 0.348152
0 82.0046 -21.1672 0.174532
0 80.0635 -16.9389 0.683262
0 82.9998 -8.63548 -0.329333
0 83.536 -9.19349 -0.331111
0 85.1666 -5.25064 0.460176
0 94.0205 0.546186 -0.256991
0 88.3272 1.91777 -0.888631
0 97.9134 -2.51617 -0.292424
0 92.0476 5.4916 -0.584374
0 96.4257 7.78524 0.544694
0 99.4249 4.40833 -0.259266
0 83.706 -8.68494 1.29485
0 81.7254 5.4784 0.721281
0 84.9766 5.07601 -0.586341
0 88.2219 6.59602 -0.587647
0 89.6573 13.0716 -0.597971
0 104.738 11.1874 -0.26678
0 81.4822 5.71367 0.685338
0 83.6659 14.9784 -0.700476
0 93.9267 15.8855 -1.21557
0 86.0213 10.5818 -0.125349
0 104.783 11.8283 -0.504564
0 84.264 19.0995 -1.07248
0 105.374 11.6467 -0.739205
0 103.182 16.4157 -1.13083
0 79.8144 11.2481 -0.842452
0 94.4037 30.3853 -0.643821
0 94.907 27.8432 -1.09004
0 92.0852 31.3488 -1.81893
0 78.076 15.4366 -0.599479
0 90.8097 35.2736 -2.17405
0 94.4631 30.5368 -1.28675
0 92.043 31.4524 -2.72408
0 95.0518 27.7204 -2.15657
0 86.7922 21.8378 -1.23923
0 87.8428 28.2103 -2.21607
0 98.1248 26.9125 -2.08303
0 104.494 22.1704 -1.51927
0 101.666 23.2649 -1.56355
0 91.8983 31.1647 -2.23587
0 94.5636 30.2897 -2.33965
0 97.5087 30.0953 -1.93093
0 90.6627 35.4303 -1.43345
0 94.0661 36.3385 -1.66292
0 90.9234 35.2996 -2.73484
0 84.3137 33.7407 -2.04349
0 84.2897 33.8416 -2.35744
0 99.2908 33.6422 -1.99612
0 90.4761 42.2774 -1.78276
0 77.3052 31.0428 -2.16589
0 76.4072 25.7951 -1.70997
0 91.7687 39.8951 -1.54842
0 79.4896 35.4103 -2.02267
0 87.0722 40.4484 -2.04551
0 94.9799 47.0755 -2.21062
0 75.6718 37.0585 -2.20168
0 73.2266 46.5811 -1.87392
0 88.4454 52.4285 -2.29178
0 77.565 45.5225 -1.96899
0 80.8944 47.7982 -1.38815
0 80.1356 44.4988 -1.81967
0 73.0319 44.9235 -2.0773
0 97.6068 46.556 -2.12154
0 71.1339 41.939 -2.11834
0 73.1378 47.0488 -2.49903
0 76.33 51.0389 -2.38955
0 76.3842 54.7968 -2.79157
0 72.9289 47.9352 -2.20178
0 83.7727 58.374 -2.30135
0 73.6235 55.4795 -1.86031
0 74.1834 52.8171 -2.2043
0 75.3303 54.9175 -1.81735
0 77.1725 55.7685 -2.51285
0 77.6436 57.0622 -2.59791
0 84.4433 57.7716 -2.2105
0 76.8503 61.5934 -1.66698
0 90.5666 55.8879 -2.29555
0 74.3966 55.1658 -1.65151
0 88.9267 62.444 -2.62411
0 95.4884 60.5884 -2.52109
0 96.228 57.5213 -1.86275
0 85.479 62.3373 -2.50754
0 77.0077 61.4718 -3.16438
0 95.4542 60.3194 -1.80636
0 66.6425 53.565 -2.35546
0 66.8827 57.7736 -1.78161
0 81.1372 68.7667 -2.75839
0 75.1939 67.306 -2.64435
0 66.0847 58.559 -1.62622
0 94.6057 62.7864 -2.22009
0 81.3849 68.5347 -2.83162
0 76.3186 67.5587 -2.60027
0 66.6338 57.9117 -2.30683
0 85.4874 65.4635 -2.13461
0 69.2714 61.0594 -1.74084
0 68.888 58.5522 -2.03336
0 92.5536 58.8252 -2.00624
0 71.476 63.6983 -2.06737
0 93.9816 65.1151 -1.72047
0 72.3584 68.148 -2.16695
0 63.1331 54.742 -1.93487
0 63.8745 64.1943 -2.42114
0 63.4641 66.2115 -2.17514
0 67.4818 68.4778 -2.77608
0 63.2154 54.6721 -2.96302
0 63.7543 64.2002 -1.85409
0 63.6242 67.6939 -2.41971
0 62.9628 70.089 -1.83109
0 56.1046 60.7126 -2.1319
0 68.8914 74.5818 -2.92424
0 63.1038 70.0685 -3.21397
0 56.2198 60.7257 -2.23914
0 58.7462 59.5607 -1.98798
0 53.5483 57.038 -1.98588
0 58.1535 69.645 -2.06813
0 56.4391 57.4899 -2.04593
0 54.5934 60.856 -2.57853
0 51.367 52.4648 -2.64757
0 54.095 60.8156 -1.96828
0 60.2123 49.817 -1.66043
0 53.5594 66.9521 -1.77432
0 48.8333 60.5623 -2.06515
0 46.7019 62.2784 -2.55245
0 54.2925 72.3894 -2.36207
0 47.3534 65.2476 -2.51854
0 43.8603 55.7009 -2.19197
0 48.741 60.4272 -2.68697
0 59.5861 55.6662 -1.64632
0 50.3346 75.7229 -3.08939
0 51.3748 52.6496 -2.01875
0 46.6387 62.178 -1.99538
0 46.09 60.3231 -2.68956
0 43.9168 55.8584 -2.97658
0 49.441 47.4296 -2.13675
0 54.6997 49.3787 -1.95442
0 43.8189 55.9081 -2.335
0 39.0459 62.7083 -2.87819
0 40.6028 56.605 -2.29543
0 39.0587 62.7425 -2.62188
0 52.8381 47.5822 -2.01791
0 49.427 47.5917 -2.06614
0 44.9834 44.4639 -1.96053
0 37.9722 49.8186 -2.45626
0 49.5859 41.9548 -2.01292
0 43.4119 33.9355 -1.63779
0 27.9225 71.4993 -3.61553
0 44.9745 44.6713 -2.51652
0 40.8917 46.9601 -2.36116
0 43.4134 33.6749 -2.46026
0 50.8706 44.3744 -0.801029
0 56.5246 46.5832 -1.5253
0 52.8968 34.7227 -1.67278
0 49.5882 41.9478 -1.7087
0 47.9302 27.1953 -2.07272
0 55.7369 40.6637 -1.43071
0 39.1838 43.7069 -2.51069
0 50.1424 30.0524 -1.48564
0 52.7097 30.1619 -1.79267
0 37.5635 28.4377 -1.87239
0 35.2896 34.9847 -2.29957
0 35.5875 32.3451 -2.21876
0 32.9122 33.9722 -2.58065
0 35.9137 30.0949 -1.97875
0 47.6672 26.567 -2.26983
0 36.8497 30.1775 -2.13675
0 35.9527 32.5 -1.93952
0 40.0744 22.8253 -1.5545
0 42.715 18.1306 -1.87193
0 39.3125 16.5351 -2.20071
0 39.539 16.4436 -1.7037
0 48.2114 16.2308 -1.5799
0 54.4628 12.9789 -0.847387
0 40.161 10.2675 -0.996553
0 53.4553 8.4993 0.89768
0 41.8527 5.66048 -2.04289
0 43.1161 6.36521 -2.03624
0 56.1423 -3.24916 -0.209921
0 50.8641 5.88369 -0.599209
0 46.6002 -0.88108 -1.0026
0 54.0675 6.2925 -1.45065
0 43.7147 -0.920274 -1.70116
0 49.2172 -2.24571 -1.29478
0 43.6472 -1.72015 -1.73788
0 44.1085 -1.12791 -2.25696
0 49.5432 -2.53721 -0.454062
0 48.185 -9.63381 -0.623173
0 46.4698 -7.28011 -0.615962
0 48.9155 -5.99237 -1.09285
0 48.0158 -9.57356 0.147145
0 46.9638 -7.3883 -0.458711
0 47.1204 -7.36918 -1.00952
0 58.5394 -12.7869 -0.873057
0 56.1811 -9.00151 -0.478223
0 59.2162 2.20284 -0.903833
0 28.9841 -27.886 -0.296244
0 43.6752 -1.66891 -0.251521
0 42.9309 -9.0706 0.460025
0 46.6338 -0.704676 -0.110252
0 39.3812 -11.1007 0.216875
0 37.0131 -5.31446 0.0776952
0 48.6242 -9.55151 0.639265
0 37.3573 -10.5137 -0.423173
0 29.6228 -22.9494 -0.778492
0 29.7007 -22.6929 -0.211291
0 34.1543 -27.5494 0.295677
0 30.168 -24.5081 -1.16354
0 36.6816 -30.007 0.0215277
0 27.4895 -28.7177 -0.0145319
0 31.6612 -23.9447 -0.510654
0 34.1886 -27.505 -0.7088
0 30.398 -23.9239 -1.02683
0 22.1123 -37.2868 -1.2845
0 14.406 -34.6913 -1.12183
0 12.6256 -43.4273 -1.39645
0 22.239 -36.9074 -1.02659
0 24.9216 -32.123 -0.967061
0 12.4798 -43.6977 -0.798488
0 22.2243 -37.2496 -0.573285
0 35.6165 -35.595 0.32201
0 22.9913 -41.5612 0.237054
0 23.0318 -41.5611 -0.487403
0 28.8532 -46.6633 0.204899
0 19.1978 -41.4961 0.112852
0 9.68362 -35.6918 -1.11335
0 14.6076 -34.7606 -0.880614
0 17.2479 -31.3669 -1.10916
0 20.2837 -47.9066 -0.409378
0 9.46802 -40.2973 -0.929492
0 12.4802 -43.376 -0.757579
0 9.67622 -35.8423 -1.13267
0 9.34015 -36.1808 -1.20148
0 9.74211 -40.4973 -0.786022
0 -1.44647 -33.783 -0.809278
0 -0.14478 -34.0611 -1.36561
0 0.694727 -46.8676 -0.385666
0 4.49023 -31.8427 -1.41951
0 -0.678112 -33.5399 -1.67705
0 -1.75693 -33.744 -0.869339
0 -0.238873 -25.2238 -0.219664
0 -1.58812 -46.7076 -0.931385
0 -0.338843 -33.1891 0.316073
0 -11.5341 -25.8482 -0.901926
0 -2.09717 -35.8758 -0.522193
0 2.44126 -41.4865 -0.840429
0 -2.13992 -40.1631 -0.78315
0 0.439435 -46.8438 -0.193452
0 -2.76159 -47.2706 -0.76133
0 -9.71272 -40.4816 -2.17553
0 -8.81422 -40.2291 -1.7871
0 -9.26086 -45.8945 -1.70004
0 -13.6212 -43.0077 -0.621708
0 -12.5044 -37.003 -0.350013
0 -7.36112 -29.1737 -2.62943
0 -12.4119 -37.0699 -1.28908
0 -11.5114 -25.5535 -1.37066
0 -9.47206 -36.2482 -0.416349
0 -10.8015 -33.6075 -1.39494
0 -12.0311 -40.7875 -0.942505
0 -12.2871 -32.7053 -1.4095
0 -0.989356 -20.0106 -1.69241
0 5.79305 -36.6272 -1.049
0 -9.57253 -26.3508 -2.04882
0 -0.416865 -25.3204 -1.75507
0 -6.74336 -18.8853 -0.912831
0 4.44342 -10.2046 -1.66562
0 -7.7816 -8.48755 -1.92394
0 3.71909 -4.33609 -1.86708
0 -5.48418 -10.879 -2.7767
0 -4.79589 -3.92302 -2.09089
0 9.69378 6.4082 -0.0687755
0 -0.988377 3.91713 0.303148
0 -10.237 0.217319 -1.51143
0 14.5997 -4.51904 -0.640554
0 14.3836 -4.05151 -2.25767
0 -11.0671 -1.6012 -1.4293
0 14.4445 -4.54561 -1.17909
0 -5.93362 6.8392 -1.96679
0 -13.8284 -0.896247 -0.390173
0 14.336 -4.08154 -1.48739
0 7.54631 16.2224 -2.05856
0 13.4269 -3.41925 -1.31482
0 14.6754 -3.81079 -1.46606
0 13.8383 -3.55159 -1.48357
0 -1.04536 19.4769 -1.15273
0 13.2464 21.1502 -1.58997
0 8.30198 24.634 -1.62148
0 2.0707 25.53 -1.66291
0 -4.38514 33.7035 -1.96334
0 9.70501 33.6498 -2.23484
0 -4.6334 30.8725 -1.77226
0 0.907086 30.8534 -1.58394
0 11.8034 35.3666 -2.26599
0 9.69529 40.5571 -2.5801
0 15.0995 37.4 -2.44705
0 -1.18987 44.4668 -2.9767
0 3.33129 31.3547 -1.53329
0 18.3146 37.8827 -2.20633
0 3.45697 46.8413 -2.60039
0 11.4504 43.3322 -1.89876
0 0.434399 47.8675 -2.28466
0 14.3036 47.2979 -2.53935
0 3.55549 57.6678 -3.66965
0 13.5639 50.2064 -2.40856
0 4.72919 50.5528 -3.73113
0 11.1403 56.9672 -3.51683
0 17.2445 53.0488 -3.14208
0 16.5197 54.5149 -3.34045
0 -1.80356 50.7843 -3.1285
0 16.098 58.4642 -2.84
0 14.5097 55.8928 -3.08889
0 12.1526 60.347 -3.68869
0 11.9702 61.6534 -4.56615
0 3.33132 60.2517 -3.30513
0 15.7881 65.3206 -3.59208
0 -1.86784 61.3325 -3.50689
0 -3.49997 57.1293 -3.24336
0 23.4726 59.9648 -2.98149
0 5.26477 64.1495 -3.01764
0 20.6414 68.839 -3.4647
0 0.161249 72.0364 -4.02552
0 14.6266 70.6715 -3.38663
0 7.91801 74.8854 -3.38606
0 7.46492 73.0847 -2.90757
0 13.961 64.5577 -3.74557
0 13.5808 66.8274 -3.63068
0 19.79 76.0341 -3.3208
0 14.3745 78.5561 -3.23347
0 -2.49557 77.3669 -3.93172
0 -5.03196 70.9015 -5.0774
0 2.55312 78.4465 -3.31597
0 19.6299 82.8538 -3.05569
0 16.8047 82.8346 -3.06224
0 -1.72552 74.6334 -3.5797
0 6.63729 80.7879 -4.21041
0 11.1639 85.8148 -3.75719
0 6.54863 90.7566 -3.38643
0 16.7103 88.2664 -2.36243
0 9.85895 86.7503 -3.74764
0 1.07834 79.5167 -3.78997
0 2.0714 81.6852 -4.0295
0 23.9108 81.8297 -4.70353
0 23.9279 78.2863 -3.85348
0 18.3204 90.731 -3.18483
0 31.0378 79.1136 -3.2574
0 4.5838 84.6694 -3.40353
0 22.2801 90.1196 -4.08014
0 6.37879 93.0333 -3.77723
0 22.7599 84.148 -3.38563
0 17.0048 95.228 -3.68045
0 10.2865 89.8921 -2.76507
0 23.2296 92.1081 -3.20604
0 17.6563 96.4754 -3.48091
0 11.3191 101.571 -3.81012
0 24.1418 96.1333 -2.5765
0 10.6171 98.5622 -6.32018
0 29.9295 93.1016 -3.14602
0 9.85542 97.5911 -6.945
0 14.1707 108.959 -2.36693
0 35.5665 88.2274 -3.29051
0 25.4647 98.8257 -2.54443
0 30.2012 108.415 -3.29051
0 9.84685 87.163 -4.3563
0 34.5763 84.0492 -2.96098
0 27.352 102.346 -2.90289
0 3.37812 100.119 -3.28798
0 31.7957 101.132 -3.3452
0 21.5429 105.124 -3.44687
0 26.494 106.599 -3.33434
0 35.3848 95.4066 -2.80518
0 35.0993 102.758 -2.85456
0 26.5699 111.412 -3.47019
0 10.1565 107.172 -2.7371
0 30.9112 105.486 -2.86559
0 9.16863 94.1204 -6.24759
0 27.8615 114.378 -4.15883
0 25.6619 116.292 -3.24467
0 19.6493 114.284 -2.36843
0 6.52345 113.029 -3.42519
0 23.5687 116.169 -3.27455
0 20.1501 115.967 -3.11267
0 5.60842 104.635 -1.62252
0 10.3093 110.927 -2.0419
0 13.7831 117.737 -3.01041
0 21.3028 108.358 -1.73751
0 33.2955 112.953 -2.56721
0 31.8116 117.331 -3.45058
0 27.3857 122.923 -3.07348
0 35.3511 114.331 -2.91727
0 16.1397 123.265 -3.38545
0 5.15911 118.53 -2.28844
0 8.26789 125.913 -3.55481
0 9.46968 124.615 -2.53975
0 10.0034 126.987 -2.88899
0 33.0645 126.149 -2.57937
0 26.8835 133.636 -3.47344
0 30.9672 127.972 -3.75113
0 25.6493 123.044 -2.30292
0 11.3256 134.66 -3.13283
0 24.4428 138.313 -3.26886
0 34.2592 134.438 -2.75521
0 16.2121 133.23 -2.62875
0 28.2509 135.921 -2.69202
0 14.0232 139.328 -2.92212
0 19.5541 145.072 -2.75311
0 19.5971 143.535 -2.55967
0 28.2288 154.055 -3.13149
0 15.8124 145.705 -2.93684
0 31.4886 148.518 -3.48908
0 36.372 141.881 -2.82965
0 29.1098 158.351 -3.91974
0 17.1232 159.189 -3.43333
0 17.7978 148.986 -2.97603
0 26.5145 147.49 -2.56755
0 16.9327 157.392 -3.16955
0 16.2795 152.427 -3.04036
0 38.6074 153.344 -3.67446
0 11.5573 164.968 -4.44985
0 28.9768 156.894 -3.3932
0 21.4574 161.619 -4.3965
0 21.1865 164.596 -3.42261
0 27.8002 162.562 -3.63099
0 19.9526 168.51 -3.75452
0 15.039 169.606 -3.27356
0 30.1722 168.831 -3.01973
0 35.1698 168.997 -3.34592
0 20.259 178.659 -3.2123
0 36.3143 172.229 -2.80063
0 43.9421 162.684 -5.05279
0 32.6635 178.083 -2.69676
0 23.4351 178.019 -2.5602
0 34.2331 180.037 -3.47861
0 42.5987 172.99 -2.84005
0 30.5848 179.429 -2.39719
0 23.4003 184.339 -3.78247
0 45.3287 174.991 -4.16438
0 42.1454 176.788 -3.70232
0 29.7037 187.618 -2.34926
0 30.3127 182.8 -2.27723
0 35.0128 182.705 -2.04943
0 35.8112 184.112 -3.02227
0 39.6237 186.482 -2.44333
0 38.9825 183.293 -3.9827
0 43.0298 191.246 -2.56625
0 58.0544 175.555 -3.62805
0 42.9957 179.228 -4.95783
0 52.5487 193.308 -3.55678
0 69.4744 172.103 -3.6932
0 54.6985 163.564 -4.81102
0 74.7256 193.795 -2.51185
0 50.5688 174.233 -5.23488
0 66.953 169.362 -3.1484
0 49.4216 175.77 -5.22385
0 74.8761 170.975 -3.8541
0 57.0585 196.909 -4.87272
0 68.8127 197.244 -5.87588
