3 6.41903 -0.346591 0.605761
1 6.41602 2.5084 0.140431
1 7.20971 1.31182 0.000203529
1 6.77072 -3.40847 0.00187095
1 4.69451 -2.83212 0.0519033
1 2.83934 -1.87861 -0.0608559
2 5.18586 -0.662365 -0.0555485
1 3.97671 -4.72411 0.0356192
3 4.63306 -2.91857 0.964001
1 5.29141 -1.08711 -0.0355758
1 4.54943 0.650984 -0.0313159
1 2.33172 1.20601 -0.0237492
3 -3.92076 -3.48758 1.23033
1 1.53793 -4.55869 -0.0130436
3 13.8174 -5.89769 0.103694
3 11.3295 -2.64406 0.94652
1 14.0145 -2.97051 -0.0308608
1 11.7614 -13.6643 0.0114579
3 9.82803 -17.0212 1.31943
3 11.4281 -14.1887 0.35213
1 11.2235 -11.4765 0.0362473
1 6.91769 -16.5407 -0.184619
2 11.479 -12.5559 -0.0325268
1 5.85361 -11.929 -0.0556598
1 9.73723 -11.8781 -0.0566215
1 2.39288 -10.9363 0.00777467
3 5.8612 -16.9482 1.25288
1 0.570472 -7.80347 -0.0374796
1 -2.20189 -19.0989 0.378749
1 -2.04522 -17.3162 0.326958
3 -1.74581 -17.5877 0.370282
3 -1.8644 -19.5628 0.301241
