0 -9.81972 13.3845 0.523853
0 -23.5174 13.5225 0.354728
0 10.6484 13.3913 0.0730788
0 10.6428 22.0857 -0.803073
0 4.01629 13.5537 -0.253575
0 16.9536 -8.51008 0.603064
0 12.533 10.9705 -0.523713
0 15.6416 -10.1047 0.63765
0 3.75062 21.9819 -1.24804
0 9.49678 31.528 -0.983768
0 16.4478 31.8552 -0.541514
0 32.005 31.0828 -0.298997
0 26.308 34.0191 0.506979
0 5.61873 24.5562 -1.06852
0 16.3653 40.7399 -0.436746
0 15.938 36.3484 0.00153251
0 -3.64439 43.1856 -1.54688
-1 16.4818 31.9352 0.659484
-1 -4.95114 17.8227 0.502325
-1 16.2933 40.8465 0.319975
-1 16.3914 49.8996 0.268987
-1 -3.70435 43.214 0.0178522
-1 26.1975 34.1959 0.469851
-1 3.33947 22.2036 1.34913
-1 9.45537 31.644 0.432916
-1 5.47655 24.6954 0.501709
-1 -12.7745 43.1687 0.143881
-1 -8.63594 62.2855 0.420412
-1 -8.69239 53.0215 0.358641
-1 -8.67882 71.9061 0.675641
-1 -4.45495 80.4147 0.598476
-1 -13.2453 80.3057 0.424024
-1 11.5948 94.8975 0.782796
-1 -8.68124 80.4933 0.846874
-1 -26.8566 80.2673 0.24367
-1 -27.1073 92.2753 0.841924
-1 -1.18501 97.5162 2.2931
-1 -32.0792 75.0266 0.459619
-1 -28.1808 97.3867 1.24787
-1 -32.0219 67.3048 0.471688
-1 -31.7705 58.2442 0.404087
-1 -25.0479 43.0943 -0.27813
-1 -31.8604 49.0515 0.343613
-1 -23.6715 22.0953 0.0703597
-1 -19.6293 24.5825 -0.0984876
-1 -16.7089 22.1692 0.232166
-1 -31.3149 31.1407 -0.153371
-1 -32.139 30.3479 -0.380696
-1 -16.6046 13.4946 -0.0078574
-1 -23.6022 13.6473 0.241072
-1 -21.8565 27.6773 -0.209974
0 -31.8031 30.6946 -0.202058
0 -19.7153 24.5436 0.892805
0 -16.9 22.0914 1.1338
0 -16.6215 13.6136 0.949703
0 -39.8745 29.5443 -0.701777
0 -48.0114 40.384 -0.305214
0 -55.5117 18.4268 -0.410041
0 -60.4792 7.55739 -0.826567
0 -66.4664 18.9824 -0.83086
-2 10.048 41.0125 1.23712
-2 5.25797 31.7799 1.12585
-2 -3.10926 45.9127 1.01616
-2 8.61556 44.0054 1.17586
-2 -2.83374 49.0512 1.12427
-2 8.93159 46.6455 1.26927
-2 9.0579 49.2218 1.3964
-2 9.34964 51.6587 1.37077
-2 9.20177 54.0409 1.37767
-2 -3.86287 53.9785 1.36349
-2 -3.57897 59.3125 1.21898
-2 9.24057 57.2041 1.48853
-2 -3.65749 64.6804 1.55906
-2 8.89564 59.9624 1.25673
-2 9.01765 62.1588 1.46015
-2 8.44215 64.4624 1.32397
-2 -4.21903 61.8903 1.40071
-2 -3.58151 67.1072 1.48764
-2 -3.11264 69.4406 1.47661
-2 -3.40158 71.9788 1.38498
-2 8.5046 72.5757 1.50043
-2 -3.2985 74.5933 1.33128
-2 8.96118 75.0009 1.6566
-2 8.75583 79.9559 1.5582
-2 -3.89367 78.0407 1.49165
-2 9.15695 77.4914 1.60678
-2 8.56421 82.327 1.68872
-2 -8.98093 91.6084 1.7333
-2 -16.6396 91.8257 1.93825
-2 -13.6841 74.9319 1.62988
-2 -26.7844 75.3837 1.57189
-2 -12.7393 77.7966 1.57195
-2 -13.6076 69.7385 1.61585
-2 -13.5665 67.0855 1.56401
-2 -25.7938 72.3769 1.71486
-2 -26.8401 62.9202 1.36609
-2 -13.4672 64.4926 1.61104
-2 -25.3611 69.2312 1.56731
-2 -26.3114 66.4295 1.49361
-2 -13.2919 59.353 1.50446
-2 -13.7018 62.146 1.49592
-2 -26.2638 59.184 1.48331
-2 -13.7212 54.3236 1.12382
-2 -26.0544 54.1893 1.29147
-2 -12.9604 46.66 1.19911
-2 -13.3203 51.6488 1.03398
-2 -25.9626 49.0212 1.12643
-2 -26.3816 46.3549 0.995545
-2 -58.6893 -28.3463 0.602665
-2 -61.4538 -28.303 0.616266
-2 -66.149 -29.2088 0.563944
-2 -68.5367 -29.8142 0.57745
-2 -74.8939 -51.2218 0.599075
-2 -88.8819 -51.7214 0.371408
-2 -75.7713 -57.0735 0.212606
-2 -88.4179 -57.1531 0.287426
-2 -87.8393 -61.8128 0.284964
-2 -88.3625 -59.869 0.383718
-2 -88.4902 -67.1638 0.287
-2 -78.3895 -71.7941 0.161394
-2 -81.1272 -71.3769 0.0811901
-2 -73.7626 -71.987 0.136044
-2 -70.928 -71.4884 0.0838735
-2 -68.0091 -72.036 0.075647
-2 -65.3177 -71.7287 0.0161429
-2 -62.9719 -71.3526 0.192954
-2 -60.2584 -71.2997 0.104598
-2 -56.8962 -71.3128 -0.0301249
-2 -53.7723 -57.3151 0.0807692
-2 -66.3491 -57.5275 0.185811
-2 -53.4059 -54.4503 0.0799319
-2 -66.1812 -54.632 0.111718
-2 -53.1338 -51.5809 0.222896
-2 -65.6572 -46.5621 0.103994
-2 -66.0841 -49.0196 0.225394
-2 -52.8449 -40.3445 0.287982
-2 -53.5882 -43.4155 0.185938
-2 -26.0959 -51.8681 1.28495
-2 50.5793 -24.4964 0.327222
-2 48.9101 -21.8993 0.296464
-2 27.9002 0.326129 0.425891
-2 35.0078 0.0312527 0.351616
