0 -9.99018 13.2298 0.224781
0 10.3598 13.5176 -0.222425
0 10.1475 22.2618 -0.522535
0 -13.7706 10.5889 0.0506816
0 3.6888 13.5455 -1.06597
0 -3.84597 21.5885 -1.41426
0 5.19514 -8.43298 -0.757681
0 17.0233 -8.50933 -0.954064
0 -3.12118 13.2762 -0.359291
0 12.3574 11.143 -1.06074
0 -0.663398 10.8359 -0.0585292
0 3.34641 22.1868 -0.759578
0 8.94618 31.649 -1.01261
0 15.9136 32.193 -0.5717
0 25.6977 34.503 0.160542
0 5.19028 24.6735 -1.16528
0 15.6689 41.0453 -0.0770925
0 29.1723 39.3738 -0.506399
0 15.3271 36.6309 -0.160501
0 -4.51398 43.0715 -1.11346
-1 8.8189 31.7615 0.452935
-1 5.07932 24.8122 0.271549
-1 3.3312 22.3128 0.0347586
-1 25.6341 34.5211 0.648944
-1 -4.43662 43.1584 -0.152037
-1 15.5728 41.1431 0.803418
-1 9.99814 22.3681 0.976934
-1 -13.3722 42.7475 -1.18226
-1 15.9763 32.1973 1.56352
-1 15.4534 50.1275 0.798418
-1 -9.57395 62.0947 0.121874
-1 -9.82032 71.734 0.42204
-1 -5.79674 80.3307 0.297294
-1 -14.5352 80.1004 0.292177
-1 9.83419 95.0763 0.827326
-1 14.4025 83.2399 1.13439
-1 -10.0715 80.3662 0.762254
-1 -28.6313 91.8747 0.571031
-1 -28.2752 79.9038 0.853884
-1 -33.2021 66.9169 0.989359
-1 -30.031 89.2542 0.54373
-1 -49.3293 74.764 0.813608
-1 -20.5292 99.5956 1.12443
-1 -49.8997 96.2256 0.615804
-1 -55.0397 89.68 0.74617
-1 -49.2574 67.1987 0.983943
-1 -68.197 78.9666 0.776496
-1 -68.4399 89.2956 0.728784
0 -55.0782 89.603 0.847748
0 -68.3614 89.2341 0.328825
0 -68.187 79.0037 0.995278
0 -49.4447 74.8363 1.09708
0 -54.9683 79.3568 1.34652
-1 -77.3405 89.2372 0.778505
-1 -54.9979 79.2713 1.20014
-1 -68.9788 108.798 0.80724
-1 -73.3128 98.6464 0.873788
-1 -77.8598 108.775 0.769426
-1 -50.236 103.315 0.645358
-1 -65.385 128.019 -0.514355
-1 -50.5924 112.353 1.33504
-1 -77.2959 78.9435 0.905035
-1 -73.0475 89.1864 0.900189
-1 -72.6807 69.4526 0.948093
-1 -49.2371 58.0662 0.869524
-1 -48.9107 39.7603 0.83976
-1 -48.9936 48.901 0.927265
-1 -72.0192 29.3653 -0.00308943
0 -66.822 17.9255 0.297777
0 -71.9812 29.0653 0.849147
0 -56.0546 17.6369 0.0162593
0 -60.9272 6.93795 -0.0621004
0 -24.2284 21.7296 -1.60174
0 -23.9035 13.0386 -0.552043
0 -17.1278 21.524 -1.39112
0 -16.9845 13.0528 -1.21789
0 -31.5197 -15.6403 -0.400137
0 -25.4376 10.4141 -0.727842
0 -4.59382 -9.48661 1.21479
-2 4.7513 31.6433 1.00027
-2 9.30026 41.0261 1.1244
-2 7.72268 43.9945 1.04375
-2 -3.44846 46.3061 0.918798
-2 8.12758 46.6004 1.06577
-2 -3.78063 48.9611 0.995835
-2 8.13511 49.3159 1.23428
-2 -4.55313 53.1311 1.22349
-2 8.19943 54.3185 1.21486
-2 8.68072 51.8297 1.18863
-2 8.12959 62.1458 1.2537
-2 8.2403 57.4284 1.31712
-2 8.14407 59.8554 1.06478
-2 -4.85077 64.4133 1.39605
-2 -4.80258 60.6884 1.17461
-2 7.35606 64.6978 1.13929
-2 -5.05946 67.0912 1.32993
-2 7.44836 72.5326 1.28486
-2 -5.19719 71.5922 1.16897
-2 -4.77698 74.6865 1.13948
-2 7.83019 77.6043 1.36843
-2 7.88075 75.3887 1.41289
-2 -5.16418 77.8193 1.20924
-2 7.28771 80.4131 1.30443
-2 7.24084 82.4224 1.44445
-2 6.95922 85.042 1.27189
-2 -10.4438 91.4407 1.47303
-2 -21.7021 90.9261 1.6934
-2 -24.8649 90.7189 1.60126
-2 -28.7272 80.7158 3.57472
-2 -54.9322 92.1672 1.69288
-2 -55.9806 94.7647 1.79206
-2 -55.6105 97.3688 1.8189
-2 -55.763 100.333 1.84543
-2 -68.4544 95.0547 1.71576
-2 -69.3349 97.9821 1.96788
-2 -55.6232 102.986 1.80316
-2 -69.1792 106.076 2.11332
-2 -65.9396 119.926 2.08005
-2 -76.3223 120.458 2.08566
-2 -71.1043 118.359 1.87822
-2 -79.8901 119.994 2.08391
-2 -86.6592 119.419 2.17891
-2 -83.9569 119.421 2.06045
-2 -90.7563 115.543 2.08782
-2 -91.1377 108.364 2.27499
-2 -91.5238 103.448 2.14055
-2 -90.3371 99.9893 2.64019
-2 -77.8154 106.339 2.01091
-2 -78.6414 103.399 1.92523
-2 -77.6821 95.2283 1.90972
-2 -78.9895 92.1456 1.95654
-2 -90.5818 77.7089 2.47336
-2 -69.0599 76.8397 1.87129
-2 -54.4362 76.5995 1.72427
-2 -68.2143 73.61 1.51106
-2 -55.4609 71.5087 1.70973
-2 -55.0961 68.7396 1.53445
-2 -68.2389 68.446 1.781
-2 -68.0148 63.3067 1.6498
-2 -55.0824 63.5711 1.43605
-2 -55.0933 56.0309 1.44058
-2 -54.8909 52.9866 1.62831
-2 -67.9911 53.3441 1.40522
-2 -67.5854 47.4412 1.69236
