0 6.77392 16.4721 -2.37553
0 9.6582 6.92413 -1.79652
0 -4.34218 9.01267 -2.14389
0 -0.946399 4.28537 -1.41455
0 4.70191 -9.54972 -1.95715
0 -17.1204 1.49645 -1.11315
0 -14.969 -4.68002 -1.21261
0 -6.20282 6.54885 -1.45178
0 -15.227 -3.26377 -1.36479
0 -17.8973 2.9075 -0.743716
0 -5.11024 -17.6685 -2.32908
0 -8.0037 8.3092 -1.68727
0 -17.4462 -4.32414 -1.56238
0 19.754 6.7689 -1.41538
0 -14.2777 5.03827 -1.58453
0 -3.24122 1.0371 -2.0415
0 3.9592 7.1309 -2.00327
0 1.96129 -12.7379 -2.34754
0 -4.24247 -4.3735 -2.07969
0 4.40859 -4.30123 -1.23393
0 13.8197 -2.68581 -1.8352
0 -4.04442 -14.2271 -2.6053
0 -7.05005 -8.77733 -1.81222
0 12.3486 0.0375206 -1.37271
0 14.9256 -3.65967 -1.95608
0 6.85406 -6.77121 -1.69297
0 -14.584 -11.3391 -1.1268
0 -13.2075 8.02065 -0.141601
0 -2.83818 12.8233 -2.8164
0 -11.8019 -10.3273 -0.797759
0 13.9551 -18.308 -1.97279
0 -0.400193 12.9448 -2.12142
0 -5.05224 3.28994 -1.73657
0 3.67524 -18.175 -2.02005
0 -8.70822 0.109879 -1.68589
0 -12.0974 11.146 -0.831274
0 -1.03415 17.3827 -1.97772
0 0.782503 -20.0228 -3.0227
0 6.04913 -1.22904 -1.79097
0 -13.8794 -1.90944 -1.61006
0 -4.92584 -11.1813 -2.80188
0 8.36461 16.7594 -2.22543
0 -4.54523 6.76781 -2.105
0 -12.2472 3.34442 -2.04336
0 7.11329 -15.4866 -2.31414
0 5.31228 -15.7006 -2.39176
0 13.6244 0.376563 -1.60554
0 -6.23653 13.2315 -2.20026
0 -11.0249 -2.21973 -1.71334
0 14.3025 10.4323 -2.46093
0 20.2508 7.22374 -2.37865
0 18.6757 -2.86947 -2.44869
0 13.4659 -9.96259 -2.12248
0 6.8477 16.4352 -2.96916
0 19.9084 6.49847 -2.81934
0 8.5029 17.1946 -2.82299
0 0.795387 -20.0124 -1.81914
0 6.55187 -21.1469 -1.61029
0 15.7708 -14.7278 -2.03412
0 24.5586 2.65121 -2.52602
0 19.1597 -8.40745 -2.66824
0 22.4664 -5.89223 -1.94583
0 15.7838 -14.9739 -1.31128
0 3.68285 -18.2635 -1.21182
0 25.8481 -3.96873 -1.51107
0 7.23766 -21.3743 -2.14354
0 6.79946 -21.2906 -3.84823
0 -3.88618 -13.9946 -3.93709
0 6.77234 -21.2771 -2.0257
0 21.6647 -20.3652 -1.99503
0 6.8502 -23.2032 -2.26625
0 21.6998 -20.5252 -2.32729
0 16.2943 -21.9361 -1.98102
0 21.7019 -20.3813 -2.63602
0 1.18388 -25.2771 -1.37646
0 11.0909 -26.2699 -2.36366
0 21.5655 -25.8036 -2.23378
0 14.6002 -27.6427 -2.22156
0 21.0824 -25.4904 -2.66667
0 14.7297 -27.5358 -2.51959
0 21.4662 -25.8591 -2.65109
0 14.4823 -27.6852 -2.1133
0 6.29951 -31.5149 -2.58026
0 6.99849 -25.7591 -1.99188
0 21.2446 -25.7437 -2.20356
0 18.9543 -30.2119 -2.13222
0 15.627 -32.1086 -2.059
0 6.2953 -31.4856 -2.19704
0 8.01966 -36.4657 -2.45259
0 26.6106 -30.6959 -0.906078
0 11.3316 -35.5415 -2.11012
0 0.318397 -40.2189 -0.885465
0 18.8361 -30.4017 -1.33073
0 11.7813 -40.0688 -1.51339
0 16.2638 -33.6617 -0.998895
0 1.07937 -33.7051 -1.8214
0 32.9397 -37.4018 -0.520403
0 4.99293 -41.1227 -1.27796
0 0.947935 -46.8517 -2.29698
0 -0.16535 -40.5141 -1.56644
0 0.407631 -40.6127 -1.26018
0 21.3504 -40.4967 0.555064
0 1.1039 -25.3075 -1.20793
0 18.9799 -30.3105 -0.0220744
0 28.1428 -43.6566 -1.35014
0 0.00383262 -47.2203 -1.26109
0 38.3819 -45.7313 -0.18918
0 24.898 -40.4336 -2.00991
0 25.2146 -40.3542 0.842664
0 32.7131 -37.3655 -1.3644
0 39.857 -42.381 -0.339147
0 40.2602 -41.6351 -0.328436
0 35.8619 -45.4628 0.0161241
0 35.2718 -46.3225 -0.0928955
0 45.6257 -54.7412 -0.49481
0 40.34 -41.7606 0.0191956
0 31.4676 -45.1225 0.375807
0 34.9438 -46.5877 -0.37828
0 40.0788 -41.8048 -0.582653
0 46.612 -45.3555 -0.406309
0 34.7768 -34.4445 -0.0813706
0 46.6463 -45.5772 -0.228822
0 47.2036 -56.9866 -0.610991
0 44.7213 -42.3935 -0.137538
0 46.6304 -45.5574 0.544994
0 46.5277 -48.5875 -0.0620321
0 40.6134 -51.723 -0.25441
0 46.5159 -48.6389 0.294235
0 54.6321 -60.3527 -0.0798896
0 55.8013 -65.2396 -0.205941
0 46.7427 -57.3291 -0.650051
0 57.8717 -55.8872 -0.180582
0 55.8507 -65.4902 -0.0749371
0 46.6462 -57.4666 -0.0100498
0 62.4543 -65.7048 -0.571849
0 53.4868 -64.077 0.706219
0 62.8891 -62.0689 0.0797613
0 54.5909 -60.075 -0.443099
0 53.513 -63.8803 -0.285014
0 64.3647 -70.6658 0.263153
0 63.8105 -66.118 0.612904
0 63.5733 -65.9357 -0.389374
0 64.6584 -70.5141 0.0754364
0 55.219 -76.3617 -0.183249
0 67.4331 -71.2271 -0.0975441
0 66.0537 -81.9065 1.43039
0 67.3278 -71.1398 -0.109121
0 65.4833 -84.4283 0.688167
0 64.9611 -96.1904 0.453949
0 57.7374 -86.2255 -0.0116548
0 55.7702 -80.8933 -0.420173
0 66.0879 -81.8243 0.0329525
0 62.6532 -86.1679 -1.26192
0 65.4006 -84.3019 -0.0490456
0 62.5567 -89.337 0.128245
0 69.7228 -78.2783 0.268721
0 65.6997 -84.1994 1.38541
0 51.9883 -80.3344 -0.172449
0 64.9794 -96.4025 0.0437371
0 56.0671 -91.7547 -0.554205
0 52.265 -92.0565 -0.143498
0 49.6896 -94.4554 -0.291081
0 58.9805 -100.05 -0.552356
0 50.0933 -94.2123 -0.513138
0 46.2493 -98.2213 -0.434859
0 41.4543 -106.138 -1.25356
0 54.6481 -107.677 -0.38311
0 46.216 -98.0868 -0.571616
0 47.0981 -109.709 -1.39293
0 46.6379 -98.6245 -0.708205
0 46.5591 -115.837 -0.8227
0 52.7089 -107.227 -0.246273
0 37.9741 -112.688 -1.26541
0 41.2739 -106.422 -1.93519
0 46.6188 -115.795 -1.4141
0 47.0381 -109.553 -0.296429
0 47.0015 -118.47 -1.29493
0 46.5187 -115.846 -2.28653
0 40.3657 -107.659 -0.964977
0 34.4739 -109.421 -2.28699
0 42.8552 -116.937 -1.42728
0 44.5661 -118.621 -2.02927
0 33.8223 -109.033 -1.52984
0 38.3081 -112.467 0.00515992
0 29.2851 -109.444 -1.86258
0 33.3046 -109.88 -2.83214
0 34.197 -110.229 -1.30392
0 46.974 -118.514 -1.52023
0 26.6803 -104.43 -1.7326
0 34.8331 -104.958 -1.36546
0 34.2328 -104.816 -2.30095
0 34.1034 -105.044 -1.17242
0 27.2455 -103.874 -0.345666
0 27.0392 -103.915 -0.637939
0 27.2092 -103.417 -0.90215
0 24.9278 -102.933 -1.02068
0 17.7225 -103.912 -1.1414
0 20.1965 -98.2549 -1.20552
0 20.4529 -97.668 -1.24835
0 20.21 -98.1691 -1.06712
0 16.2717 -99.5839 -1.03075
0 8.05097 -97.3129 -1.27583
0 -5.45723 -91.9194 -2.55641
0 8.00992 -96.1902 -1.14364
0 7.57418 -96.1611 -1.31572
0 7.90995 -97.1047 -1.73128
0 8.04151 -95.9537 -0.80791
0 7.84008 -97.4998 -1.39197
0 4.64179 -95.7839 -1.05074
0 -5.30072 -91.5399 -1.64794
0 -5.69062 -92.2165 -2.03556
0 14.5641 -93.5311 -1.154
0 3.74183 -83.9756 -1.13486
0 7.36789 -88.8192 -1.54962
0 1.33739 -88.052 -1.50303
0 9.08937 -85.4455 -1.26748
0 -2.75014 -88.6133 -1.79442
0 -0.966393 -79.046 -1.53384
0 -11.0683 -79.8979 -1.72565
0 -6.44676 -84.1251 -1.21681
0 -15.3625 -89.1145 -1.73591
0 -18.3602 -82.9411 -2.1212
0 -12.8331 -78.897 -1.73124
0 -15.8413 -75.2861 -1.71661
0 -17.5906 -77.3286 -1.9517
0 -1.40645 -75.6974 -1.14221
0 -12.3368 -75.5799 -0.971823
0 -3.78246 -73.7509 -1.44017
0 -4.15058 -65.0856 -0.893807
0 3.021 -76.1991 -1.32614
0 5.9155 -78.8755 -1.33818
0 -21.651 -79.2854 -1.6771
0 -20.5337 -77.9614 -1.81809
0 -25.6289 -74.8804 -1.92322
0 14.0669 -67.1482 -0.984962
0 8.27079 -79.6782 -1.90787
0 -21.4858 -73.7935 -1.67373
0 -4.04983 -78.1661 -1.60268
0 5.69467 -81.5569 -1.50254
0 -8.76902 -68.3646 -0.938071
0 -9.1283 -66.2038 -1.72618
0 2.54564 -74.1257 -1.67242
0 -13.299 -72.4753 -2.06065
0 -16.9333 -63.7344 -1.70506
0 -15.6864 -58.6786 -1.57541
0 -18.2087 -69.3162 -1.63004
0 -23.499 -69.7933 -1.24647
0 1.29644 -64.0506 -0.872677
0 -1.13511 -58.6398 -1.19985
0 -6.81673 -55.8685 -1.53623
0 6.4854 -68.9841 -0.885477
0 -21.592 -71.5925 -1.64299
0 0.480927 -56.4407 -1.18724
0 -18.2132 -61.0062 -1.58151
0 -1.17778 -65.6045 -0.572925
0 4.00017 -70.8902 -1.41498
0 -10.0017 -57.0423 -1.486
0 -0.582912 -52.3159 -1.00131
0 -13.1883 -55.014 -1.59783
0 9.52847 -54.4931 -1.25541
0 3.15453 -68.5316 -0.604135
0 -1.08408 -49.715 -1.20636
0 -19.034 -53.5758 -1.14014
0 11.9879 -57.4391 -1.30189
0 -21.3861 -58.1173 -1.37071
0 2.19289 -52.8298 -0.965114
0 -22.7893 -64.0339 -1.15118
0 -18.8272 -50.2417 -1.21152
0 -11.2627 -43.7659 -1.31769
0 4.80278 -41.5562 -1.53471
0 -7.95071 -50.1951 -1.42366
0 -7.49529 -40.9796 -1.76831
0 -9.77921 -41.4554 -1.70294
0 -11.0761 -50.7416 -1.4254
0 -8.74544 -34.1153 -0.610428
0 0.0247273 -34.1346 -1.04745
0 -8.66455 -26.5552 -1.57536
0 3.55536 -18.2785 -1.64733
0 -4.0761 -14.4988 -1.70855
0 -3.97959 -14.3467 -0.949338
0 4.33377 -4.3275 -0.867698
0 -4.24004 0.705628 -1.37207
0 5.08467 -9.96405 -1.51046
0 5.92813 -1.07121 -1.47138
