6.018950,-1.068500
4.357180,-4.238600
4.582850,-9.498780
1.831510,-12.735500
-4.244630,-14.527700
-4.257410,9.053550
-0.714465,4.054570
14.462000,-3.300250
-3.388620,1.110270
6.959660,16.498300
-6.143480,6.629850
-7.890720,8.338720
3.493770,-18.164500
-13.186100,8.062450
-2.546440,12.330500
-2.670650,12.849600
8.264030,16.429600
-16.625600,-8.315260
-0.220958,12.821300
14.395000,10.290100
8.074790,18.714100
12.361700,0.044848
-10.613800,4.926530
-13.841600,-1.743350
-17.486900,-4.091710
-11.959900,11.197700
-5.031670,3.291300
-4.230350,-4.430960
3.987500,7.159040
9.637150,6.741530
-5.029430,-10.642900
-6.031040,13.235900
13.665200,0.475649
6.839310,-6.756800
-15.303100,-3.743320
5.861310,-15.516700
20.107900,6.724870
-7.127160,-8.824620
-8.448040,0.260850
-11.077100,-2.170080
-4.480960,6.884320
-1.324250,18.072200
18.606800,-2.946400
20.104200,6.677790
-1.551120,15.484800
8.476510,16.843200
20.224500,6.892630
20.325200,7.231160
-5.969710,17.046300
24.610000,2.861740
19.054600,-8.557850
12.496600,21.565700
13.398400,-9.781430
7.495500,24.862100
22.105800,-6.186750
27.649300,2.585240
27.716500,0.611513
27.048100,-5.963870
29.217900,8.638390
27.744900,16.825700
24.758800,15.474700
32.494100,4.316030
24.819800,22.199100
24.468200,22.493300
-7.086060,-8.722840
34.845100,6.325820
17.367200,22.081300
-7.412920,-8.589960
24.245100,18.761600
17.746900,13.320100
22.349500,20.207900
18.095700,19.408000
32.728500,14.352100
7.186190,25.131600
32.550300,17.750100
27.271800,21.833000
16.642400,29.616700
16.855300,29.249600
6.783050,-6.824900
24.867200,26.338200
5.917430,-0.905664
20.269500,28.974100
12.518800,32.930700
18.270900,32.260800
24.765500,30.300500
35.919700,30.033400
12.583900,33.144400
35.906100,30.454200
28.916100,29.415800
27.366300,32.108500
21.583300,35.693300
38.822300,24.653800
9.988690,35.799900
4.020750,7.365930
8.278250,33.965900
38.332700,18.312900
16.791100,38.587800
27.915900,38.690100
33.285000,34.595100
13.441900,37.999700
34.871100,31.610800
18.405500,41.379100
26.808000,41.846500
30.391200,36.797300
33.809700,43.347200
7.647740,36.102300
35.277500,51.408600
24.241400,45.925300
33.554700,36.611900
41.736500,35.821300
12.095200,47.775900
46.745400,29.228200
7.861640,40.963300
46.693200,28.343200
36.888800,45.316900
8.288140,16.887200
31.952500,53.919600
42.802800,46.486000
47.571300,44.100200
48.623100,46.544000
31.287400,48.724900
51.270000,37.091400
29.207600,50.283500
22.156700,54.168800
30.806300,57.537400
44.053100,21.904500
57.740800,52.365100
47.118400,49.618800
50.616500,49.894400
41.082700,57.574300
52.335000,51.736800
57.572600,52.222500
48.851600,54.644600
56.170400,46.557600
55.379800,40.553400
53.824000,43.164900
37.903600,58.352700
59.535400,29.435900
54.366900,49.075600
57.087500,29.964700
64.305100,46.498700
62.228200,49.336500
43.145700,62.216900
69.544900,39.684900
69.544800,39.909300
38.489500,48.555300
62.696300,51.472300
56.944200,58.203000
53.658500,59.872100
45.811700,62.609900
59.100100,33.751600
34.601600,61.563800
64.218600,44.098800
56.128400,62.069400
60.425200,57.440200
62.312000,39.732600
63.939300,56.534100
36.001700,64.291100
63.514400,61.059400
43.613200,64.224600
50.962500,63.114300
50.192400,69.211400
60.720000,66.991700
71.273100,58.664200
60.271400,68.750300
71.443900,56.174700
65.971900,61.577400
50.776500,59.215300
68.911200,45.229500
70.653600,48.280100
70.538600,51.071300
64.101800,71.542300
66.320500,64.072000
73.663100,54.532900
60.319100,70.349100
69.546600,40.026000
64.131300,71.502800
73.895800,65.098300
73.958400,58.765100
78.466300,51.535700
59.649200,72.979300
74.667000,60.523000
77.940400,72.273600
69.018600,71.525400
71.736300,70.652300
66.351300,47.974600
72.901300,71.121300
68.366600,66.967100
81.574200,61.721700
69.052400,71.420700
64.173300,71.616200
72.954400,70.984000
72.901900,70.985900
77.854500,48.190300
77.728200,72.475800
77.638000,72.612800
82.320100,66.335300
57.001500,74.718900
72.730100,79.299900
65.348300,77.736800
60.786400,80.587100
80.201400,77.879500
59.407900,80.107700
59.409000,80.122100
77.257800,81.835000
84.854300,82.113600
77.081800,82.889700
74.396900,83.235800
90.815700,69.466600
59.441600,80.079100
80.532800,85.392900
59.426300,80.096500
67.481900,87.339100
72.784400,88.352200
63.820600,61.051400
56.614500,79.689600
60.095000,86.064000
56.605900,79.647100
60.047200,86.054000
64.261700,88.709400
64.305100,88.689500
60.005400,90.591900
70.951100,76.895200
60.040300,90.467100
52.497500,86.179200
52.398800,86.263300
55.015900,83.803800
52.468900,86.188700
47.085500,83.392800
51.863400,80.058200
47.711400,82.142600
47.595800,82.392200
49.926000,97.132600
59.540300,95.163300
50.412200,97.160900
43.707700,92.315400
43.672600,87.504500
55.723400,102.485000
43.943600,104.781000
40.313300,106.543000
42.247200,102.969000
34.777000,93.893600
34.522600,98.009600
31.995400,100.144000
29.921200,104.369000
31.091100,96.955400
36.569500,111.361000
21.485200,107.807000
30.284300,116.497000
26.243800,106.882000
30.005100,115.473000
40.213100,106.650000
22.727400,115.571000
29.920900,115.408000
14.808200,118.172000
16.452700,109.040000
15.091600,118.734000
20.320000,117.261000
14.729100,116.861000
20.428200,117.217000
14.311400,114.388000
18.275500,117.039000
26.464000,118.662000
9.067500,109.141000
7.674540,113.748000
6.998410,102.242000
6.462160,99.827000
16.630900,106.021000
12.613200,96.047300
5.834540,98.843000
13.132600,97.228700
12.547400,96.119100
19.942900,97.718700
6.418950,106.925000
5.496660,107.512000
13.086900,97.306800
18.879200,92.952600
20.819800,99.902800
19.994000,97.840400
17.947800,85.136400
13.154500,83.266500
6.121960,89.515400
18.071900,91.134800
10.516900,79.180400
12.140600,89.420300
18.548700,85.151600
15.761700,83.718700
4.660690,75.673600
10.635500,79.148600
4.827940,75.625000
2.959890,81.170000
4.479230,73.608000
10.882700,65.182900
10.302800,67.490100
4.292280,74.266500
12.157600,65.738200
1.937210,75.770500
13.957300,74.091500
11.199500,71.308000
10.443600,67.344800
10.118600,67.575400
12.704900,65.991000
8.999110,60.646300
1.813970,69.334300
1.295530,64.030500
2.571050,64.009500
-0.897966,66.868100
2.671810,72.530200
1.193070,57.549300
9.350820,61.075000
2.773040,63.504500
1.727540,65.150500
0.512265,60.444000
8.934850,62.302100
-0.959208,64.457200
9.306930,61.356600
1.969630,63.211300
13.380900,59.210000
8.241780,57.484000
0.864034,58.004400
-0.426499,55.812200
11.775400,56.495000
10.418700,53.299200
-0.301155,55.760500
-2.859790,54.959400
10.400200,53.228700
-1.926180,47.747800
12.055200,48.063500
9.476600,43.831800
7.815300,41.153400
2.656750,46.861300
10.232300,44.592400
9.674200,43.673500
-2.000530,42.616200
-0.355693,44.015300
-3.908900,38.566100
-0.885103,41.562300
-2.755270,39.763200
8.157780,34.172100
-3.272140,44.497200
12.905100,40.647800
1.120940,35.721100
10.010300,35.842900
13.287200,38.077200
-5.822360,32.984100
1.905370,31.647300
-5.490990,31.262300
-5.943530,33.555700
0.051773,27.614900
-7.459690,32.394600
-0.514595,30.873000
0.754118,25.904400
-6.052200,30.729900
12.242200,21.715800
6.853590,16.808100
-0.864400,17.567900
-0.391769,13.100300
7.936070,18.818100
-3.893750,21.255500
0.670137,13.881200
-6.011500,13.216700
-3.087030,1.186560
4.200150,-8.949520
-4.926240,-11.067700
4.924310,-10.250100
