1 4.36256 -2.86669 -0.0363254
1 3.66272 -4.21781 -0.0149842
1 5.09733 -0.964295 -0.0378865
2 3.34634 -1.33718 -0.197003
1 2.08358 5.4637 -0.0644543
1 6.73703 3.42892 -0.0397598
1 3.35749 7.61567 0.00108001
3 -0.147777 5.42552 1.3611
1 1.63495 -1.41596 0.0188353
1 2.48336 0.0664812 -0.0180247
3 3.63549 -1.67245 0.3306
1 0.611101 -4.85208 0.0226985
2 2.59122 -3.16468 -0.0720823
1 2.51721 -3.41103 -0.0158438
1 0.436468 -6.60099 0.00187924
1 -2.96265 -0.822504 -0.00824841
3 0.582904 -2.95753 0.925894
2 0.771968 -6.39815 -0.16327
1 0.585116 -8.27963 0.0521746
1 -4.94987 -12.1257 -0.0864293
1 -9.77966 -10.0189 -0.0113719
1 -8.17321 -9.31268 -0.00964654
2 -8.73956 -9.82727 -0.0358115
3 -13.004 -8.57177 1.17484
1 -12.601 -6.25474 -0.020846
1 0.805256 -12.5098 -0.0391472
1 -0.834472 0.350466 -0.0424411
1 1.02748 5.47296 0.0161506
1 2.47358 7.50933 -0.14224
1 0.674991 8.1755 -0.081143
1 2.54236 11.9787 -0.0655328
1 2.42949 10.0787 -0.00465212
3 -0.303691 8.71331 1.38179
1 0.906162 10.0148 -0.0137986
1 -4.24122 0.0234059 0.000502329
