0 6.01895 -1.0685 -1.55724
0 4.35718 -4.2386 -0.760557
0 4.58285 -9.49878 -1.95607
0 1.83151 -12.7355 -2.34321
0 -4.24463 -14.5277 -2.53465
0 -4.25741 9.05355 -2.13493
0 -0.714465 4.05457 -1.87918
0 14.462 -3.30025 -2.19436
0 -3.38862 1.11027 -2.34247
0 6.95966 16.4983 -2.55945
0 -6.14348 6.62985 -1.73381
0 -7.89072 8.33872 -2.31596
0 3.49377 -18.1645 -1.74132
0 -13.1861 8.06245 -0.978047
0 -2.54644 12.3305 -3.23964
0 -2.67065 12.8496 -2.43632
0 8.26403 16.4296 -2.22336
0 -16.6256 -8.31526 -0.937061
0 -0.220958 12.8213 -3.07326
0 14.395 10.2901 -2.11693
0 8.07479 18.7141 -2.39267
0 12.3617 0.044848 -1.51855
0 -10.6138 4.92653 -1.84497
0 -13.8416 -1.74335 -1.77443
0 -17.4869 -4.09171 -2.80652
0 -11.9599 11.1977 -1.45646
0 -5.03167 3.2913 -2.17427
0 -4.23035 -4.43096 -2.48049
0 3.9875 7.15904 -0.568307
0 9.63715 6.74153 -1.81215
0 -5.02943 -10.6429 -2.74106
0 -6.03104 13.2359 -2.28293
0 13.6652 0.475649 -1.28534
0 6.83931 -6.7568 -1.91926
0 -15.3031 -3.74332 -2.47766
0 5.86131 -15.5167 -2.35916
0 20.1079 6.72487 -1.98157
0 -7.12716 -8.82462 -2.30445
0 -8.44804 0.26085 -1.41241
0 -11.0771 -2.17008 -2.0738
0 -4.48096 6.88432 -1.91789
0 -1.32425 18.0722 -2.54877
0 18.6068 -2.9464 -2.75559
0 20.1042 6.67779 -2.00567
0 -1.55112 15.4848 -2.92317
0 8.47651 16.8432 -2.65281
0 20.2245 6.89263 -2.73884
0 20.3252 7.23116 -2.25414
0 -5.96971 17.0463 -2.39809
0 24.61 2.86174 -2.75515
0 19.0546 -8.55785 -2.27559
0 12.4966 21.5657 -2.2209
0 13.3984 -9.78143 -2.68958
0 7.4955 24.8621 -2.73263
0 22.1058 -6.18675 -2.08215
0 27.6493 2.58524 -2.04426
0 27.7165 0.611513 -1.87704
0 27.0481 -5.96387 -1.87108
0 29.2179 8.63839 -2.53909
0 27.7449 16.8257 -2.37006
0 24.7588 15.4747 -2.50242
0 32.4941 4.31603 -2.1778
0 24.8198 22.1991 -2.29004
0 24.4682 22.4933 -2.38346
0 -7.08606 -8.72284 -0.566083
0 34.8451 6.32582 -2.95885
0 17.3672 22.0813 -2.66041
0 -7.41292 -8.58996 -2.33213
0 24.2451 18.7616 -2.05273
0 17.7469 13.3201 -2.81335
0 22.3495 20.2079 -2.29994
0 18.0957 19.408 -2.47578
0 32.7285 14.3521 -2.63889
0 7.18619 25.1316 -2.59772
0 32.5503 17.7501 -2.60991
0 27.2718 21.833 -2.22834
0 16.6424 29.6167 -2.74301
0 16.8553 29.2496 -2.73357
0 6.78305 -6.8249 -1.67732
0 24.8672 26.3382 -1.93626
0 5.91743 -0.905664 0.838916
0 20.2695 28.9741 -2.85373
0 12.5188 32.9307 -2.70191
0 18.2709 32.2608 -2.48036
0 24.7655 30.3005 -1.85065
0 35.9197 30.0334 -2.45391
0 12.5839 33.1444 -2.84869
0 35.9061 30.4542 -2.15596
0 28.9161 29.4158 -2.63488
0 27.3663 32.1085 -2.45044
0 21.5833 35.6933 -3.25412
0 38.8223 24.6538 -2.85429
0 9.98869 35.7999 -2.89632
0 4.02075 7.36593 -2.55674
0 8.27825 33.9659 -2.24926
0 38.3327 18.3129 -2.63683
0 16.7911 38.5878 -2.43411
0 27.9159 38.6901 -2.34858
0 33.285 34.5951 -2.26743
0 13.4419 37.9997 -2.44264
0 34.8711 31.6108 -2.48407
0 18.4055 41.3791 -2.47847
0 26.808 41.8465 -2.53287
0 30.3912 36.7973 -2.23851
0 33.8097 43.3472 -2.5912
0 7.64774 36.1023 -1.20211
0 35.2775 51.4086 -2.57874
0 24.2414 45.9253 -2.68434
0 33.5547 36.6119 -2.14545
0 41.7365 35.8213 -2.03031
0 12.0952 47.7759 -2.79184
0 46.7454 29.2282 -2.42828
0 7.86164 40.9633 -2.44776
0 46.6932 28.3432 -2.75223
0 36.8888 45.3169 -2.8459
0 8.28814 16.8872 -2.18584
0 31.9525 53.9196 -2.49595
0 42.8028 46.486 -2.51757
0 47.5713 44.1002 -2.68688
0 48.6231 46.544 -2.39642
0 31.2874 48.7249 -2.28163
0 51.27 37.0914 -2.74885
0 29.2076 50.2835 -2.45122
0 22.1567 54.1688 -2.35203
0 30.8063 57.5374 -2.63562
0 44.0531 21.9045 -2.7438
0 57.7408 52.3651 -2.26329
0 47.1184 49.6188 -2.64854
0 50.6165 49.8944 -2.77123
0 41.0827 57.5743 -2.94097
0 52.335 51.7368 -2.02027
0 57.5726 52.2225 -2.73754
0 48.8516 54.6446 -2.67585
0 56.1704 46.5576 -2.67813
0 55.3798 40.5534 -2.32864
0 53.824 43.1649 -2.41589
0 37.9036 58.3527 -2.66397
0 59.5354 29.4359 -2.60525
0 54.3669 49.0756 -2.18231
0 57.0875 29.9647 -2.84955
0 64.3051 46.4987 -2.79366
0 62.2282 49.3365 -2.57583
0 43.1457 62.2169 -2.85339
0 69.5449 39.6849 -2.8671
0 69.5448 39.9093 -2.76544
0 38.4895 48.5553 -2.61705
0 62.6963 51.4723 -2.83129
0 56.9442 58.203 -2.63767
0 53.6585 59.8721 -2.4881
0 45.8117 62.6099 -2.86797
0 59.1001 33.7516 -3.33812
0 34.6016 61.5638 -2.57927
0 64.2186 44.0988 -2.8879
0 56.1284 62.0694 -2.39448
0 60.4252 57.4402 -2.73828
0 62.312 39.7326 -3.2736
0 63.9393 56.5341 -2.43292
0 36.0017 64.2911 -2.89906
0 63.5144 61.0594 -2.4634
0 43.6132 64.2246 -2.63697
0 50.9625 63.1143 -2.86302
0 50.1924 69.2114 -2.79041
0 60.72 66.9917 -2.7239
0 71.2731 58.6642 -2.30102
0 60.2714 68.7503 -2.70693
0 71.4439 56.1747 -2.22268
0 65.9719 61.5774 -2.7397
0 50.7765 59.2153 -2.31994
0 68.9112 45.2295 -2.44288
0 70.6536 48.2801 -2.76508
0 70.5386 51.0713 -2.61402
0 64.1018 71.5423 -2.81613
0 66.3205 64.072 -2.7245
0 73.6631 54.5329 -2.37905
0 60.3191 70.3491 -2.49002
0 69.5466 40.026 -3.29025
0 64.1313 71.5028 -2.57781
0 73.8958 65.0983 -2.75946
0 73.9584 58.7651 -2.40779
0 78.4663 51.5357 -2.41854
0 59.6492 72.9793 -2.76813
0 74.667 60.523 -2.30356
0 77.9404 72.2736 -2.47262
0 69.0186 71.5254 -2.07561
0 71.7363 70.6523 -2.35082
0 66.3513 47.9746 -2.14549
0 72.9013 71.1213 -2.46232
0 68.3666 66.9671 -2.62629
0 81.5742 61.7217 -2.14042
0 69.0524 71.4207 -2.47652
0 64.1733 71.6162 -2.87513
0 72.9544 70.984 -2.77171
0 72.9019 70.9859 -2.18015
0 77.8545 48.1903 -2.67693
0 77.7282 72.4758 -3.0921
0 77.638 72.6128 -2.64797
0 82.3201 66.3353 -2.95907
0 57.0015 74.7189 -2.9758
0 72.7301 79.2999 -2.19106
0 65.3483 77.7368 -3.43661
0 60.7864 80.5871 -3.76876
0 80.2014 77.8795 -2.86492
0 59.4079 80.1077 -3.19164
0 59.409 80.1221 -3.28447
0 77.2578 81.835 -3.13128
0 84.8543 82.1136 -3.09518
0 77.0818 82.8897 -3.17287
0 74.3969 83.2358 -3.3422
0 90.8157 69.4666 -2.64471
0 59.4416 80.0791 -3.96677
0 80.5328 85.3929 -3.13741
0 59.4263 80.0965 -3.43973
0 67.4819 87.3391 -3.95589
0 72.7844 88.3522 -3.92927
0 63.8206 61.0514 -2.65149
0 56.6145 79.6896 -3.27092
0 60.095 86.064 -3.47689
0 56.6059 79.6471 -3.71518
0 60.0472 86.054 -3.45262
0 64.2617 88.7094 -3.03071
0 64.3051 88.6895 -4.15711
0 60.0054 90.5919 -0.349546
0 70.9511 76.8952 -1.22838
0 60.0403 90.4671 -4.02333
0 52.4975 86.1792 -3.68535
0 52.3988 86.2633 -4.1367
0 55.0159 83.8038 -3.8555
0 52.4689 86.1887 -3.96438
0 47.0855 83.3928 -3.8471
0 51.8634 80.0582 -3.66903
0 47.7114 82.1426 -4.27675
0 47.5958 82.3922 -3.63432
0 49.926 97.1326 -3.56384
0 59.5403 95.1633 -4.08752
0 50.4122 97.1609 -3.78129
0 43.7077 92.3154 -3.21604
0 43.6726 87.5045 -3.86745
0 55.7234 102.485 -3.82948
0 43.9436 104.781 -3.72145
0 40.3133 106.543 -4.40631
0 42.2472 102.969 -4.54683
0 34.777 93.8936 -3.77442
0 34.5226 98.0096 -4.32436
0 31.9954 100.144 -4.08035
0 29.9212 104.369 -3.67075
0 31.0911 96.9554 -3.97735
0 36.5695 111.361 -3.65502
0 21.4852 107.807 -2.60741
0 30.2843 116.497 -3.98034
0 26.2438 106.882 -3.95622
0 30.0051 115.473 -4.01984
0 40.2131 106.65 -2.61846
0 22.7274 115.571 -2.95896
0 29.9209 115.408 -2.75714
0 14.8082 118.172 -3.63808
0 16.4527 109.04 -4.00117
0 15.0916 118.734 -2.2134
0 20.32 117.261 -3.24984
0 14.7291 116.861 -3.66096
0 20.4282 117.217 -4.20948
0 14.3114 114.388 -3.20607
0 18.2755 117.039 -2.90432
0 26.464 118.662 -3.51974
0 9.0675 109.141 -2.13636
0 7.67454 113.748 -3.45269
0 6.99841 102.242 -3.23549
0 6.46216 99.827 -3.7417
0 16.6309 106.021 -3.06858
0 12.6132 96.0473 -3.6336
0 5.83454 98.843 -3.90872
0 13.1326 97.2287 -3.07634
0 12.5474 96.1191 -2.99485
0 19.9429 97.7187 -2.58546
0 6.41895 106.925 -3.17465
0 5.49666 107.512 -3.61358
0 13.0869 97.3068 -3.50844
0 18.8792 92.9526 -2.16325
0 20.8198 99.9028 -2.85404
0 19.994 97.8404 -2.76907
0 17.9478 85.1364 -2.74365
0 13.1545 83.2665 -2.71582
0 6.12196 89.5154 -2.55759
0 18.0719 91.1348 -1.88076
0 10.5169 79.1804 -2.15499
0 12.1406 89.4203 -2.44459
0 18.5487 85.1516 -2.35596
0 15.7617 83.7187 -2.47063
0 4.66069 75.6736 -2.72962
0 10.6355 79.1486 -2.58653
0 4.82794 75.625 -2.88661
0 2.95989 81.17 -2.70579
0 4.47923 73.608 -2.81574
0 10.8827 65.1829 -1.96066
0 10.3028 67.4901 -2.38411
0 4.29228 74.2665 -2.40376
0 12.1576 65.7382 -2.07958
0 1.93721 75.7705 -2.17873
0 13.9573 74.0915 -2.11034
0 11.1995 71.308 -2.45848
0 10.4436 67.3448 -2.32066
0 10.1186 67.5754 -2.12246
0 12.7049 65.991 -2.13195
0 8.99911 60.6463 -2.26257
0 1.81397 69.3343 -2.34611
0 1.29553 64.0305 -3.0559
0 2.57105 64.0095 -2.62063
0 -0.897966 66.8681 -2.43202
0 2.67181 72.5302 -2.10641
0 1.19307 57.5493 -2.34485
0 9.35082 61.075 -2.22302
0 2.77304 63.5045 -2.8335
0 1.72754 65.1505 -2.63109
0 0.512265 60.444 -2.43274
0 8.93485 62.3021 -1.76353
0 -0.959208 64.4572 -2.31307
0 9.30693 61.3566 -1.94495
0 1.96963 63.2113 -1.70173
0 13.3809 59.21 -1.84303
0 8.24178 57.484 -1.96831
0 0.864034 58.0044 -2.06392
0 -0.426499 55.8122 -2.33957
0 11.7754 56.495 -2.1141
0 10.4187 53.2992 -2.08507
0 -0.301155 55.7605 -2.58865
0 -2.85979 54.9594 -2.30066
0 10.4002 53.2287 -2.13385
0 -1.92618 47.7478 -2.50035
0 12.0552 48.0635 -2.56754
0 9.4766 43.8318 -1.92885
0 7.8153 41.1534 -2.80303
0 2.65675 46.8613 -2.32687
0 10.2323 44.5924 -2.33413
0 9.6742 43.6735 -2.46399
0 -2.00053 42.6162 -2.21759
0 -0.355693 44.0153 -1.95942
0 -3.9089 38.5661 -2.54834
0 -0.885103 41.5623 -2.48152
0 -2.75527 39.7632 -2.11521
0 8.15778 34.1721 -2.61946
0 -3.27214 44.4972 -2.39428
0 12.9051 40.6478 -1.90922
0 1.12094 35.7211 -2.01462
0 10.0103 35.8429 -2.09183
0 13.2872 38.0772 -2.20962
0 -5.82236 32.9841 -2.37317
0 1.90537 31.6473 -3.01893
0 -5.49099 31.2623 -2.48933
0 -5.94353 33.5557 -2.50166
0 0.0517731 27.6149 -2.66938
0 -7.45969 32.3946 -3.03452
0 -0.514595 30.873 -2.23467
0 0.754118 25.9044 -1.9529
0 -6.0522 30.7299 -2.51372
0 12.2422 21.7158 -2.30931
0 6.85359 16.8081 -3.1685
0 -0.8644 17.5679 -2.44913
0 -0.391769 13.1003 -2.69421
0 7.93607 18.8181 -2.24997
0 -3.89375 21.2555 -2.02367
0 0.670137 13.8812 -3.11634
0 -6.0115 13.2167 -2.55883
0 -3.08703 1.18656 -2.97875
0 4.20015 -8.94952 -0.533683
0 -4.92624 -11.0677 -2.24229
0 4.92431 -10.2501 -0.654982
