4.322400,6.935080
7.703070,16.104900
-5.863040,6.877430
-7.579390,8.739750
-4.085410,7.042830
2.640520,-18.329100
-4.895560,3.669550
-2.044570,12.656000
14.276400,-3.924440
-1.925460,12.865700
-8.431910,0.659992
-5.481160,1.015970
14.992400,9.693590
-11.418700,11.742100
20.243500,5.947940
-0.679332,15.649700
5.956080,-1.372710
4.186540,-9.779630
1.284600,-12.853400
-3.849010,9.209270
9.946090,6.476530
-4.409080,-3.978230
-11.074100,-1.506300
-0.586355,3.803100
-17.009000,2.464350
-1.033030,4.394350
-3.197730,1.215760
4.898510,-15.777000
-13.861500,-1.045890
-4.898330,-14.190800
6.100360,-21.412600
-5.477060,13.519100
8.974380,18.128800
-16.861000,-7.534200
-10.458400,5.355110
-15.495000,-3.137880
12.360300,-0.602058
4.125620,-4.554680
6.515530,-7.039900
-7.549800,-8.377010
-12.775600,8.702470
-12.303900,-9.616510
9.150100,16.109200
-14.018800,5.899930
13.558100,-0.232970
-17.687600,-3.368840
0.205119,12.832100
18.487700,-3.789360
13.029500,-10.306000
20.289200,5.398040
-17.709100,3.603300
-12.084200,4.021580
20.250400,5.193750
-0.134533,17.085900
20.760000,6.209980
-5.469750,-10.666700
20.857300,6.542740
18.590500,-9.454040
22.060100,-7.099610
24.767700,1.744600
27.698400,-0.673072
34.963500,3.737850
25.395300,14.248200
27.749500,1.172020
29.692000,7.134390
15.052200,-15.454100
35.030400,4.190050
25.477000,-11.719300
30.405800,-5.194180
26.825800,-7.203020
35.216200,4.412570
37.229000,-5.995910
28.490900,15.407600
36.993500,-5.523840
35.099200,4.427170
27.829900,8.237340
32.102900,-6.565540
-4.792500,-14.023700
32.668600,2.859290
33.509400,12.675100
25.396700,-5.360360
18.287400,12.366000
27.385000,-11.325800
-3.196330,1.091700
37.144300,-5.246000
37.347400,-10.522000
26.080800,-14.441100
37.487600,-0.930301
3.819660,-9.212850
39.148000,-10.928800
27.693700,-17.997600
43.356500,-13.919300
36.624900,-15.593600
4.665950,-10.287800
42.797800,-9.178520
43.050700,-13.903400
42.256900,5.694730
43.726600,-1.403940
56.336900,-3.277030
46.057400,-10.964900
40.054800,10.143500
50.898400,5.663470
44.034800,-18.143300
52.492200,0.496962
48.795000,-5.898480
46.876200,-7.554950
47.998400,-9.663590
51.243600,10.020200
56.200200,-9.171250
54.351900,5.905010
53.601400,-0.116810
46.841800,-0.823311
48.996500,-2.585330
49.525900,-9.515360
54.770000,-18.834900
54.347100,-18.582500
58.617600,2.967350
59.228300,2.234490
58.710600,-13.061300
48.054800,-19.053600
61.750000,-6.571680
62.711300,-0.472448
53.342000,8.143330
57.248300,-15.138600
61.947200,-17.567500
64.323500,-13.316900
61.537700,-18.854200
49.204500,-15.835100
59.823900,11.424900
54.557100,12.893700
48.584900,15.904200
69.969900,-7.689780
70.570000,-3.852670
71.179800,-4.927630
65.668800,-9.109750
71.796900,-18.710700
56.715500,-19.095800
71.553300,-18.619300
60.534800,-24.621600
70.507900,-9.581480
65.815400,1.541350
65.638000,7.895090
78.333700,-14.520000
41.746600,5.510460
73.908200,-8.749430
63.388800,-18.759300
77.801700,-6.164320
76.720200,-2.514840
78.092100,-14.459800
75.320300,-25.740800
79.106900,-7.365070
78.527800,-8.852940
43.834100,-1.412790
78.990700,-4.684290
79.594900,-16.889400
81.791800,-20.938700
46.005100,-10.919600
81.682800,-20.102100
71.124400,-27.898100
77.099000,-23.106300
73.823700,-31.860800
81.247400,-24.654700
80.517300,-27.367200
89.191100,-16.676800
49.814100,-9.448070
83.434900,-8.786450
89.641300,-16.620400
78.997000,-32.318400
89.566500,-16.592800
91.066400,-24.162700
85.066500,-5.364540
79.572700,-32.236500
58.826400,2.629660
71.283700,-32.102000
93.499500,-23.992700
90.967700,-23.975500
89.237600,-27.931500
85.535200,-31.887300
88.175900,-2.447830
90.095000,-12.695600
89.164700,-30.810800
61.776300,-6.549370
94.270600,-40.301600
71.563400,-31.776700
94.076200,-38.867100
94.309100,-40.645900
94.122400,-38.924200
89.953100,-12.647400
77.615100,-39.668100
98.442200,-28.461700
94.038500,-38.916200
94.189000,-40.897900
96.181800,-33.030100
89.791300,-12.879600
100.533000,-33.266000
73.883500,-31.986000
91.851000,-44.798100
77.631800,-39.652300
77.162700,-23.102900
81.316600,-24.796700
105.162000,-47.398200
80.599800,-27.601500
98.453800,-46.710000
81.995200,-21.318900
81.844100,-20.706000
73.854500,-32.020500
77.328100,-23.021900
98.447300,-28.487700
108.072000,-42.345100
119.173000,-50.769200
79.380400,-32.493200
108.457000,-42.625200
96.203000,-33.033900
116.349000,-36.614600
118.683000,-39.711900
120.519000,-36.391400
119.621000,-51.534100
79.354900,-32.331500
89.297400,-28.186300
125.161000,-40.167600
119.221000,-43.594000
125.475000,-47.045100
120.082000,-44.342800
130.329000,-44.781400
131.209000,-43.896800
131.385000,-43.953400
130.281000,-38.505100
131.206000,-43.930200
132.492000,-52.840100
130.212000,-44.732200
132.361000,-52.629300
128.028000,-50.386600
132.474000,-52.569400
129.865000,-59.194600
142.376000,-39.242200
138.038000,-44.127900
142.498000,-39.182000
144.282000,-45.777900
138.460000,-59.367600
138.708000,-59.350100
141.325000,-44.233200
129.702000,-59.714600
139.816000,-58.876000
138.305000,-59.493300
144.323000,-45.448500
143.157000,-41.928100
128.059000,-65.036000
139.843000,-58.677800
138.766000,-59.341900
140.244000,-61.833000
145.519000,-56.272400
137.782000,-65.598800
140.301000,-61.754700
130.788000,-62.253900
127.506000,-65.840300
128.080000,-50.529700
128.458000,-67.645100
127.393000,-67.932500
135.573000,-71.743200
138.025000,-74.095300
135.622000,-71.324800
128.291000,-77.790900
124.106000,-74.754200
131.705000,-74.649200
122.521000,-69.002600
129.308000,-77.639100
124.290000,-74.668200
115.330000,-77.061400
129.859000,-59.826100
115.410000,-76.678700
120.074000,-83.328800
116.545000,-86.854700
115.151000,-77.689100
124.451000,-87.126000
116.712000,-86.777000
108.617000,-83.718200
112.988000,-83.388800
115.779000,-86.122500
117.469000,-87.094700
105.372000,-89.198900
104.047000,-70.773000
100.020000,-88.343700
105.319000,-89.252500
100.036000,-80.975500
99.591100,-85.385800
99.713200,-85.303900
93.512200,-73.914800
99.644500,-85.385200
100.100000,-88.469900
102.509000,-63.122100
96.697000,-64.920300
96.168100,-87.511200
87.535000,-72.841200
87.441100,-72.632000
87.447200,-73.125100
92.050500,-63.594600
84.263200,-66.877900
77.332700,-71.831600
78.857600,-78.526100
82.291600,-64.080200
78.719200,-78.490000
80.020400,-67.662600
78.056400,-79.673600
77.579200,-80.053400
83.414900,-89.625600
76.897500,-70.464700
80.110400,-67.837500
98.333400,-77.152300
78.760900,-78.489200
77.576200,-71.946600
77.553100,-71.993300
76.300100,-66.655600
72.924100,-66.692500
74.407200,-83.691300
67.340100,-75.480800
72.711300,-66.569100
77.779500,-60.894600
90.201700,-77.300300
76.041000,-63.590900
76.228900,-63.571500
77.766000,-60.992300
72.485100,-71.983400
67.392700,-75.543100
71.167300,-83.090200
72.290800,-61.713200
66.726700,-65.560000
64.809100,-62.100600
59.503600,-65.073000
65.794400,-55.315200
65.179400,-50.352600
66.812600,-51.826400
79.263000,-54.698500
75.847000,-48.607300
80.010800,-48.220000
80.515300,-27.600600
89.656100,-16.729800
90.248100,-12.399300
82.004600,-21.167200
80.063500,-16.938900
82.999800,-8.635480
83.536000,-9.193490
85.166600,-5.250640
94.020500,0.546186
88.327200,1.917770
97.913400,-2.516170
92.047600,5.491600
96.425700,7.785240
99.424900,4.408330
83.706000,-8.684940
81.725400,5.478400
84.976600,5.076010
88.221900,6.596020
89.657300,13.071600
104.738000,11.187400
81.482200,5.713670
83.665900,14.978400
93.926700,15.885500
86.021300,10.581800
104.783000,11.828300
84.264000,19.099500
105.374000,11.646700
103.182000,16.415700
79.814400,11.248100
94.403700,30.385300
94.907000,27.843200
92.085200,31.348800
78.076000,15.436600
90.809700,35.273600
94.463100,30.536800
92.043000,31.452400
95.051800,27.720400
86.792200,21.837800
87.842800,28.210300
98.124800,26.912500
104.494000,22.170400
101.666000,23.264900
91.898300,31.164700
94.563600,30.289700
97.508700,30.095300
90.662700,35.430300
94.066100,36.338500
90.923400,35.299600
84.313700,33.740700
84.289700,33.841600
99.290800,33.642200
90.476100,42.277400
77.305200,31.042800
76.407200,25.795100
91.768700,39.895100
79.489600,35.410300
87.072200,40.448400
94.979900,47.075500
75.671800,37.058500
73.226600,46.581100
88.445400,52.428500
77.565000,45.522500
80.894400,47.798200
80.135600,44.498800
73.031900,44.923500
97.606800,46.556000
71.133900,41.939000
73.137800,47.048800
76.330000,51.038900
76.384200,54.796800
72.928900,47.935200
83.772700,58.374000
73.623500,55.479500
74.183400,52.817100
75.330300,54.917500
77.172500,55.768500
77.643600,57.062200
84.443300,57.771600
76.850300,61.593400
90.566600,55.887900
74.396600,55.165800
88.926700,62.444000
95.488400,60.588400
96.228000,57.521300
85.479000,62.337300
77.007700,61.471800
95.454200,60.319400
66.642500,53.565000
66.882700,57.773600
81.137200,68.766700
75.193900,67.306000
66.084700,58.559000
94.605700,62.786400
81.384900,68.534700
76.318600,67.558700
66.633800,57.911700
85.487400,65.463500
69.271400,61.059400
68.888000,58.552200
92.553600,58.825200
71.476000,63.698300
93.981600,65.115100
72.358400,68.148000
63.133100,54.742000
63.874500,64.194300
63.464100,66.211500
67.481800,68.477800
63.215400,54.672100
63.754300,64.200200
63.624200,67.693900
62.962800,70.089000
56.104600,60.712600
68.891400,74.581800
63.103800,70.068500
56.219800,60.725700
58.746200,59.560700
53.548300,57.038000
58.153500,69.645000
56.439100,57.489900
54.593400,60.856000
51.367000,52.464800
54.095000,60.815600
60.212300,49.817000
53.559400,66.952100
48.833300,60.562300
46.701900,62.278400
54.292500,72.389400
47.353400,65.247600
43.860300,55.700900
48.741000,60.427200
59.586100,55.666200
50.334600,75.722900
51.374800,52.649600
46.638700,62.178000
46.090000,60.323100
43.916800,55.858400
49.441000,47.429600
54.699700,49.378700
43.818900,55.908100
39.045900,62.708300
40.602800,56.605000
39.058700,62.742500
52.838100,47.582200
49.427000,47.591700
44.983400,44.463900
37.972200,49.818600
49.585900,41.954800
43.411900,33.935500
27.922500,71.499300
44.974500,44.671300
40.891700,46.960100
43.413400,33.674900
50.870600,44.374400
56.524600,46.583200
52.896800,34.722700
49.588200,41.947800
47.930200,27.195300
55.736900,40.663700
39.183800,43.706900
50.142400,30.052400
52.709700,30.161900
37.563500,28.437700
35.289600,34.984700
35.587500,32.345100
32.912200,33.972200
35.913700,30.094900
47.667200,26.567000
36.849700,30.177500
35.952700,32.500000
40.074400,22.825300
42.715000,18.130600
39.312500,16.535100
39.539000,16.443600
48.211400,16.230800
54.462800,12.978900
40.161000,10.267500
53.455300,8.499300
41.852700,5.660480
43.116100,6.365210
56.142300,-3.249160
50.864100,5.883690
46.600200,-0.881080
54.067500,6.292500
43.714700,-0.920274
49.217200,-2.245710
43.647200,-1.720150
44.108500,-1.127910
49.543200,-2.537210
48.185000,-9.633810
46.469800,-7.280110
48.915500,-5.992370
48.015800,-9.573560
46.963800,-7.388300
47.120400,-7.369180
58.539400,-12.786900
56.181100,-9.001510
59.216200,2.202840
28.984100,-27.886000
43.675200,-1.668910
42.930900,-9.070600
46.633800,-0.704676
39.381200,-11.100700
37.013100,-5.314460
48.624200,-9.551510
37.357300,-10.513700
29.622800,-22.949400
29.700700,-22.692900
34.154300,-27.549400
30.168000,-24.508100
36.681600,-30.007000
27.489500,-28.717700
31.661200,-23.944700
34.188600,-27.505000
30.398000,-23.923900
22.112300,-37.286800
14.406000,-34.691300
12.625600,-43.427300
22.239000,-36.907400
24.921600,-32.123000
12.479800,-43.697700
22.224300,-37.249600
35.616500,-35.595000
22.991300,-41.561200
23.031800,-41.561100
28.853200,-46.663300
19.197800,-41.496100
9.683620,-35.691800
14.607600,-34.760600
17.247900,-31.366900
20.283700,-47.906600
9.468020,-40.297300
12.480200,-43.376000
9.676220,-35.842300
9.340150,-36.180800
9.742110,-40.497300
-1.446470,-33.783000
-0.144780,-34.061100
0.694727,-46.867600
4.490230,-31.842700
-0.678112,-33.539900
-1.756930,-33.744000
-0.238873,-25.223800
-1.588120,-46.707600
-0.338843,-33.189100
-11.534100,-25.848200
-2.097170,-35.875800
2.441260,-41.486500
-2.139920,-40.163100
0.439435,-46.843800
-2.761590,-47.270600
-9.712720,-40.481600
-8.814220,-40.229100
-9.260860,-45.894500
-13.621200,-43.007700
-12.504400,-37.003000
-7.361120,-29.173700
-12.411900,-37.069900
-11.511400,-25.553500
-9.472060,-36.248200
-10.801500,-33.607500
-12.031100,-40.787500
-12.287100,-32.705300
-0.989356,-20.010600
5.793050,-36.627200
-9.572530,-26.350800
-0.416865,-25.320400
-6.743360,-18.885300
4.443420,-10.204600
-7.781600,-8.487550
3.719090,-4.336090
-5.484180,-10.879000
-4.795890,-3.923020
9.693780,6.408200
-0.988377,3.917130
-10.237000,0.217319
14.599700,-4.519040
14.383600,-4.051510
-11.067100,-1.601200
14.444500,-4.545610
-5.933620,6.839200
-13.828400,-0.896247
14.336000,-4.081540
7.546310,16.222400
13.426900,-3.419250
14.675400,-3.810790
13.838300,-3.551590
-1.045360,19.476900
13.246400,21.150200
8.301980,24.634000
2.070700,25.530000
-4.385140,33.703500
9.705010,33.649800
-4.633400,30.872500
0.907086,30.853400
11.803400,35.366600
9.695290,40.557100
15.099500,37.400000
-1.189870,44.466800
3.331290,31.354700
18.314600,37.882700
3.456970,46.841300
11.450400,43.332200
0.434399,47.867500
14.303600,47.297900
3.555490,57.667800
13.563900,50.206400
4.729190,50.552800
11.140300,56.967200
17.244500,53.048800
16.519700,54.514900
-1.803560,50.784300
16.098000,58.464200
14.509700,55.892800
12.152600,60.347000
11.970200,61.653400
3.331320,60.251700
15.788100,65.320600
-1.867840,61.332500
-3.499970,57.129300
23.472600,59.964800
5.264770,64.149500
20.641400,68.839000
0.161249,72.036400
14.626600,70.671500
7.918010,74.885400
7.464920,73.084700
13.961000,64.557700
13.580800,66.827400
19.790000,76.034100
14.374500,78.556100
-2.495570,77.366900
-5.031960,70.901500
2.553120,78.446500
19.629900,82.853800
16.804700,82.834600
-1.725520,74.633400
6.637290,80.787900
11.163900,85.814800
6.548630,90.756600
16.710300,88.266400
9.858950,86.750300
1.078340,79.516700
2.071400,81.685200
23.910800,81.829700
23.927900,78.286300
18.320400,90.731000
31.037800,79.113600
4.583800,84.669400
22.280100,90.119600
6.378790,93.033300
22.759900,84.148000
17.004800,95.228000
10.286500,89.892100
23.229600,92.108100
17.656300,96.475400
11.319100,101.571000
24.141800,96.133300
10.617100,98.562200
29.929500,93.101600
9.855420,97.591100
14.170700,108.959000
35.566500,88.227400
25.464700,98.825700
30.201200,108.415000
9.846850,87.163000
34.576300,84.049200
27.352000,102.346000
3.378120,100.119000
31.795700,101.132000
21.542900,105.124000
26.494000,106.599000
35.384800,95.406600
35.099300,102.758000
26.569900,111.412000
10.156500,107.172000
30.911200,105.486000
9.168630,94.120400
27.861500,114.378000
25.661900,116.292000
19.649300,114.284000
6.523450,113.029000
23.568700,116.169000
20.150100,115.967000
5.608420,104.635000
10.309300,110.927000
13.783100,117.737000
21.302800,108.358000
33.295500,112.953000
31.811600,117.331000
27.385700,122.923000
35.351100,114.331000
16.139700,123.265000
5.159110,118.530000
8.267890,125.913000
9.469680,124.615000
10.003400,126.987000
33.064500,126.149000
26.883500,133.636000
30.967200,127.972000
25.649300,123.044000
11.325600,134.660000
24.442800,138.313000
34.259200,134.438000
16.212100,133.230000
28.250900,135.921000
14.023200,139.328000
19.554100,145.072000
19.597100,143.535000
28.228800,154.055000
15.812400,145.705000
31.488600,148.518000
36.372000,141.881000
29.109800,158.351000
17.123200,159.189000
17.797800,148.986000
26.514500,147.490000
16.932700,157.392000
16.279500,152.427000
38.607400,153.344000
11.557300,164.968000
28.976800,156.894000
21.457400,161.619000
21.186500,164.596000
27.800200,162.562000
19.952600,168.510000
15.039000,169.606000
30.172200,168.831000
35.169800,168.997000
20.259000,178.659000
36.314300,172.229000
43.942100,162.684000
32.663500,178.083000
23.435100,178.019000
34.233100,180.037000
42.598700,172.990000
30.584800,179.429000
23.400300,184.339000
45.328700,174.991000
42.145400,176.788000
29.703700,187.618000
30.312700,182.800000
35.012800,182.705000
35.811200,184.112000
39.623700,186.482000
38.982500,183.293000
43.029800,191.246000
58.054400,175.555000
42.995700,179.228000
52.548700,193.308000
69.474400,172.103000
54.698500,163.564000
74.725600,193.795000
50.568800,174.233000
66.953000,169.362000
49.421600,175.770000
74.876100,170.975000
57.058500,196.909000
68.812700,197.244000
